-0.210406438262 
-0.212053314017 
-0.213707496473 
-0.21547314924 
-0.217179768719 
-0.206148793055 
-0.104326684442 
-0.0564362088271 
-0.0150006082652 
0.00500614922116 
0.0217491516296 
0.0217565078234 
0.013397674926 
0.0251512535542 
0.0318786578077 
0.036935165984 
0.0520891157401 
0.0571558236571 
0.0605447753516 
0.0554763722835 
0.0503983145568 
0.043626547284 
0.030198019996 
0.0234785271811 
0.0217926076201 
0.0184389224317 
0.0134082306462 
0.010057520141 
0.0050275518659 
0.0 
-0.00167647983548 
-0.00502959359605 
-0.00502829160058 
-0.00502304142621 
-0.00501861393189 
-0.00334467421544 
-0.00334133721959 
-0.00333969382049 
-0.00166893662911 
-0.00166650831221 
0.0 
-0.0016650393761 
-0.00166362818981 
0.00497981645084 
0.0116141269117 
0.0215557726773 
0.0298064245061 
0.0281359669309 
0.0198314720842 
0.0132156935301 
0.00825634233283 
-0.0016495777539 
-0.00329774477423 
0.00329792420723 
0.00824610071905 
0.0230819377722 
0.0279965200449 
0.0345738051186 
0.0230451317536 
0.013174950324 
0.00164982613732 
-0.01156359906 
-0.0165792910996 
-0.00997921697427 
-0.00166615612425 
0.0116719213836 
0.0166738877696 
0.0150065711352 
0.0100072279235 
0.0 
-0.00333442150802 
0.00333206765628 
0.00999462162193 
0.0150018755748 
0.0150142523286 
0.0133504688843 
0.0116835977183 
0.0166912974424 
0.0183449768123 
0.0133272100392 
0.0116579303667 
0.00499230074309 
-0.00166356194244 
-0.00831406898004 
-0.0116382727941 
-0.0116403223253 
-0.00997709172015 
-0.00997530976824 
-0.00831352913014 
-0.00831611036494 
-0.00999370560585 
-0.0083349666024 
-0.008338459536 
-0.00833972553549 
-0.00833998289408 
-0.0100098318304 
-0.00834057594056 
-0.00500292435593 
-0.00166737458618 
0.00166769227768 
0.00333785971107 
0.00500708071095 
0.0033388507995 
0.00500498992496 
0.0100020869789 
0.00833106487294 
0.016651153419 
0.0216420217741 
0.0299532755633 
0.0349427354083 
0.0432337234648 
0.0415670042707 
0.0382297169929 
0.0365452679177 
0.0414954413335 
0.0315167280535 
0.02154546119 
0.00994017845798 
0.0033119560762 
0.00331333565427 
0.0 
0.0132740849597 
0.031547851927 
0.0348995256936 
0.0299502012646 
0.0316364148287 
0.030054946226 
0.0167299658503 
0.00837642212949 
0.0100681367974 
0.0117710030281 
0.020223011611 
0.018559626983 
0.0135070657285 
0.021959574721 
0.0101363252633 
0.00844116197118 
0.0 
-0.00673970350863 
0.0 
-0.0100957012682 
-0.0151341149948 
-0.0016809906897 
-0.00335918910839 
-0.0100795751529 
-0.00336299486736 
-0.0117877263097 
-0.0185340614062 
-0.00673964015567 
-0.00336940896678 
-0.00168358819518 
0.0100977201549 
0.0117750136469 
0.0218577274022 
0.0285643359785 
0.0302414659896 
0.0184876109059 
0.0134569993713 
0.00672983806521 
0.00336495713294 
0.0117739654107 
0.0101015195028 
0.0101118855648 
0.0101205559519 
0.0101346484156 
0.00676471559299 
0.00846471263003 
0.00508636834758 
-0.00848196288046 
-0.00679935739496 
-0.00510086967431 
-0.00510255505502 
0.0 
0.00680948258297 
0.0051093330404 
-0.00340666952713 
-0.00510960981283 
-0.0102199089489 
-0.0204434686624 
-0.0102260482727 
-0.0136406186869 
-0.00681837859884 
-0.0170220337674 
-0.0135976673889 
-0.0118950931182 
-0.022067505219 
-0.018652634126 
-0.0101675040257 
-0.00338137720671 
0.00337661968152 
0.00842534622438 
0.0101099568581 
0.0118014662842 
0.010128207429 
0.0168862927244 
0.0202874690085 
0.0169112802326 
0.0186118711051 
0.0203087840081 
0.0203085857284 
0.015225047582 
0.0135197508797 
0.0185792435982 
0.0118218746085 
0.0168926714554 
0.0152055370069 
0.0202698301625 
0.023672698572 
0.0236783085213 
0.0270776246704 
0.0270795013423 
0.0270686861942 
0.0236797634573 
0.0152198203969 
0.0118281361919 
0.0118004711935 
0.0134779199285 
0.0134657951009 
0.0151401079846 
0.0134646150454 
0.0168301967346 
0.0202318906019 
0.0270557290081 
0.025448132254 
0.0254633188024 
0.0271837103814 
0.0204225910151 
0.0153363839943 
0.0136425696509 
0.01025090664 
0.0153875742654 
0.0154018650255 
0.0223074710368 
0.0188879159785 
0.0189054657671 
0.0120484751241 
0.0103392360838 
0.00517592358516 
0.0017266056643 
0.0017266056643 
0.00517921466933 
0.00517444557862 
0.00344964749016 
0.00344856147364 
0.0103440211682 
0.00861821359874 
0.00689407930975 
0.0120645489673 
-0.00344720725157 
0.00689545295601 
0.00689421415673 
0.00861919897166 
0.0189638199216 
0.0258783913711 
0.0241538104883 
0.00345123136683 
-0.0207055929611 
-0.017254325445 
-0.0172422557134 
0.00861582158906 
-0.0172263054668 
0.00861263430749 
0.0258535468327 
0.0293007629894 
0.0413596932478 
0.024152479483 
0.0500486180856 
0.0362905965733 
0.0311188343881 
0.0345441324374 
0.0345441324374 
0.0258849485519 
0.0327612412503 
0.0344927965968 
0.0293083363318 
0.0206831349178 
0.0155094694994 
0.0103355393886 
0.00172145650618 
-0.00343973512243 
0.00686866790996 
-0.00171335668071 
-0.00342670330205 
-0.00342314985651 
0.00855296732876 
0.0119705768727 
0.018807697386 
0.0170940536217 
0.017084159171 
0.0136680643399 
0.0 
0.00170498763698 
0.00510342921068 
0.00677456983251 
0.0169350645263 
0.0287128175751 
0.038701704455 
0.0453541763569 
0.0468961155421 
0.043453314177 
0.0399302464652 
0.0332061029264 
0.0248317850232 
0.0214668715351 
0.0197879764292 
0.0214085347349 
0.0197263457017 
0.0213635116773 
0.0213620789927 
0.0229768765304 
0.0180524782695 
0.00984372372742 
0.0032763431532 
-0.00163479789805 
-0.00653064752363 
-0.00652478012439 
-0.00488936864888 
-0.00325686252213 
-0.0016259671481 
0.00162456525854 
0.0 
0.00162361642073 
0.0 
-0.00324833886313 
-0.00324874117558 
-0.00487570252387 
-0.00487991579196 
-0.00488177305884 
-0.0146463498321 
-0.0179226809973 
-0.0293382746533 
-0.0277449451239 
-0.0261314634554 
-0.0163396197513 
-0.0130776910424 
-0.00817942165165 
0.0 
0.00327557427093 
0.00655503120273 
0.00819980672509 
0.00820911540875 
0.00821728019543 
0.0065776485383 
0.00822852203212 
0.00824100886416 
0.00825621556953 
0.00826467433378 
0.00827555579582 
0.00663524223111 
0.00498240229624 
0.0 
-0.00166602574655 
-0.003335775564 
-0.00500574215185 
-0.0050065089471 
-0.00500789335825 
-0.00667728325996 
-0.00668002320313 
-0.00836278552339 
-0.0100386541913 
-0.0117114427137 
-0.0117037577728 
-0.0116900003433 
-0.0116846727054 
-0.0116679305931 
-0.009996389039 
-0.0183212294827 
-0.0283075784691 
-0.0332848568684 
-0.0398976806455 
-0.0315787245782 
-0.0282418370436 
-0.0182743472148 
-0.00497947079702 
-0.00165940527047 
0.0 
0.0066276592648 
0.00662054241239 
0.00330875683696 
0.0 
-0.00330501678543 
-0.00495760847951 
-0.00495989484596 
-0.00330714375779 
-0.0016536026075 
0.0 
0.0 
-0.0016533885409 
-0.00330531395925 
-0.00660638723865 
-0.00990034029418 
-0.0115432958688 
-0.00988972769768 
-0.00824126729095 
-0.00659885654711 
-0.00495117109594 
-0.00495504986003 
-0.00495733855388 
-0.00661223768952 
-0.00660848304531 
-0.00825405988933 
-0.0065857502169 
-0.00493536423944 
-0.00492898329782 
-0.00328325418433 
-0.00492338348995 
-0.00492220482573 
-0.004923394663 
-0.00492048906818 
-0.00655801929753 
-0.00654788896564 
-0.00653973226032 
0.0 
0.00816532719314 
0.014702409365 
0.0277651451311 
0.0277630332425 
0.0228617160923 
0.0163268009071 
0.00816155150331 
-0.00163206028618 
-0.0130522196241 
-0.0179401687848 
-0.0195595961743 
-0.0162850638748 
-0.0130218385499 
-0.00976551229226 
-0.00813416840689 
-0.00813630862911 
-0.006510427198 
0.00162765741299 
0.00162809348379 
0.00814689120077 
0.00977617427641 
0.00815577937687 
0.00652990583371 
0.00489820677255 
0.0 
0.00816581426416 
0.00980129925419 
0.0163562641129 
0.0327264174777 
0.0343833043881 
0.0491050596554 
0.0425703294327 
0.0392866536467 
0.0343673325489 
0.0261898543374 
0.024553668166 
0.02127402623 
0.053939911772 
0.0637124971509 
0.105870645263 
0.133214018067 
0.157092333916 
0.169718293538 
0.158540402185 
0.137807968391 
0.1169533969 
0.0991820758406 
0.0878478452163 
0.0764759907451 
0.058641414016 
0.0472393643787 
0.0472040013517 
0.0488042747892 
0.0439139550755 
0.0503569233629 
0.0405492447952 
0.00324349153451 
-0.00486412328233 
-0.00648660634027 
-0.0129639012869 
0.0194435305725 
0.0631472849104 
0.0954266147042 
0.106667497567 
0.111310363456 
0.109687845621 
0.106436650836 
0.0774500200406 
0.0565140900606 
0.0484214738986 
0.0403653082717 
0.0516573793029 
0.0596992909936 
0.0645171764129 
0.0693054598645 
0.0596708014818 
0.0468059845116 
0.0387709007617 
0.0290887964434 
0.0242481896586 
0.0177906736227 
0.0210517008059 
0.0162040642898 
0.00324441557188 
-0.00324659439827 
-0.016245488601 
-0.0162540472916 
-0.00812573777219 
0.00162522521828 
0.0065071011942 
0.0113921305501 
0.0179077052711 
0.016294827687 
0.0163018354367 
0.0179443660197 
0.0163426270401 
0.0179913319444 
0.0180016260177 
0.00982735721075 
0.00983836549918 
0.00820756174459 
0.00986078153488 
0.0131723499699 
0.0148397435071 
0.0148808668037 
0.00992770281073 
0.00662954277151 
0.00332383737007 
0.00333003488536 
0.00835532104199 
0.0117300445903 
0.0150957787145 
0.0184733332716 
0.0168422738199 
0.013491801157 
0.0101315182609 
0.00675845403197 
0.00507362865188 
0.00338562856109 
0.00338562856109 
0.00338821883107 
0.0101882987523 
0.0170013047573 
0.0255379839983 
0.0324471523084 
0.0324825605011 
0.0239720830934 
0.0154530879535 
0.00859179409695 
0.00516060946668 
0.00688914742418 
0.00516727740672 
0.00344629407841 
0.00344712962437 
0.0034485912456 
0.00345265412091 
0.00863845923627 
0.00865310828821 
0.010393891035 
0.0138650353182 
0.0104056887029 
0.00693880044682 
0.00173559765403 
0.0 
0.00695128267977 
0.0121676606016 
0.0208568513771 
0.0278368313118 
0.0296112178432 
0.0244104724564 
0.020937865092 
0.0139710201813 
0.0104819483722 
0.0104807252372 
0.0157151973106 
0.0209432589931 
0.024421058916 
0.0278995139236 
0.027899166054 
0.0261633910774 
0.0313785965991 
0.0330805237227 
0.0243042695553 
0.017336648935 
0.0121167909041 
0.012100522798 
0.0172747728265 
0.0155223191505 
0.015502439583 
0.0154762929818 
0.0188779259792 
0.0188501675108 
0.0239787971675 
0.0256589109846 
0.0222224045127 
0.0187922248521 
0.0153608520017 
0.0153409696252 
0.0170236019149 
0.020420480081 
0.0203920350283 
0.02037428161 
0.0169517826941 
0.0152478950516 
0.0169192063642 
0.01352927248 
0.0219722409361 
0.0354638444234 
0.0354627083418 
0.0287135735591 
0.0253388312909 
0.0135144214129 
0.0135099184917 
0.016878431348 
0.021933687918 
0.035419272179 
0.0455465962011 
0.052296191409 
0.052287278504 
0.050599362072 
0.0506169170464 
0.0321169760639 
0.0338352868684 
0.0270836510429 
0.0203133717392 
0.0220036632978 
0.0203055857876 
0.0186151943801 
0.0135358442448 
0.010146209845 
0.0 
0.0 
-0.00337759448542 
-0.0101307792522 
-0.0101266131304 
-0.00337547130446 
-0.0101258952079 
0.0 
0.00168980794285 
0.00338375786089 
-0.00338889008653 
-0.00169697138322 
-0.00848890769722 
-0.0118957302246 
-0.00851349582824 
-0.001704953261 
0.0 
0.0 
0.00687246567238 
0.0 
-0.00517545097398 
-0.017271121206 
-0.0242049923776 
-0.0328762322238 
-0.0380628780356 
-0.0415240472073 
0.0674778644626 
-0.0761416072915 
-0.0865272119839 
-0.113988297656 
-0.149058498379 
0.00172448592583 
0.0448787453242 
0.138974341695 
0.152403246674 
0.137093928812 
0.106504814218 
0.0430489210681 
0.138683444563 
0.0430467592659 
0.0051604642793 
-0.0188996039583 
-0.0360324102593 
-0.0206106009119 
-0.0154864698883 
-0.00688936128906 
-0.00516904943186 
0.0189513705537 
0.0189558159923 
0.0189576087713 
0.00690107905174 
-0.00517795679719 
-0.0328094703763 
-0.0449263182525 
-0.0449672536952 
-0.0397900384448 
-0.0242323982894 
-0.00692686340205 
0.0051963561677 
0.00865536315691 
0.00865231718421 
-0.00691612809523 
-0.0120841670151 
-0.0137913089646 
-0.0240989993273 
-0.0188972648958 
-0.0103006166795 
0.0 
0.00513819368991 
0.0136769118955 
0.0136483204202 
0.00852393332827 
0.00340099185424 
-0.00339638334479 
-0.00847527943906 
-0.0135405731821 
-0.0185711572801 
-0.0134989859986 
-0.0117986777978 
-0.00504365165202 
-0.00167912094744 
-0.00167704518416 
-0.00167635694907 
0.0 
-0.00835897232113 
-0.0183730498897 
-0.030018308829 
-0.0416611253242 
-0.0482607282522 
-0.0348802706547 
-0.0447802959046 
-0.0314991764272 
-0.0231689317244 
-0.0198334145594 
-0.0247179894496 
-0.0296285739116 
-0.0246679503109 
-0.0345074715185 
-0.0361375687469 
-0.0361071286914 
-0.0376950467106 
-0.0311129043511 
-0.0294437057161 
-0.0261394211576 
-0.0261176314403 
-0.0358413623097 
-0.0488187787792 
-0.053622973547 
-0.0632829181117 
-0.0681134168925 
-0.0712814996949 
-0.0648142355019 
-0.061552272957 
-0.0583724027631 
-0.0535261711117 
-0.0535290498772 
-0.043806303068 
-0.040557345761 
-0.0405439545794 
-0.0453995879834 
-0.0437648359366 
-0.0324117773174 
-0.0243126062236 
-0.0129666314284 
-0.00972011564852 
-0.0113313362953 
-0.00969931316034 
-0.0113019113439 
-0.0145117566312 
-0.0193401710717 
-0.025777770242 
-0.022562201677 
-0.0112888561546 
-0.0064520108651 
-0.00161342403477 
-0.00161354283319 
-0.00645768542588 
-0.00646058342135 
-0.0161526957007 
-0.0145556220974 
-0.00970862111578 
-0.00970558160723 
0.0016170322698 
0.0129229811734 
0.0129087442761 
0.0161317985939 
0.0177252091472 
0.0128722128526 
0.0112595138111 
0.00803769944287 
-0.00320999182472 
-0.0112322938383 
-0.0192576420343 
-0.0224844323091 
-0.0192912722005 
-0.0161262206941 
-0.0129140639041 
-0.014540342827 
-0.0129283633491 
-0.0129364205863 
-0.0226507218198 
-0.0242791214461 
-0.0259019252229 
-0.0291496299198 
-0.0291700093803 
-0.0373689568452 
-0.0423027514349 
-0.0309672485832 
-0.0327122924067 
-0.0262620091426 
-0.027993427885 
-0.0198117485393 
-0.0148769237326 
-0.0149041925971 
-0.0149355478739 
-0.0132856880308 
-0.0132888395683 
-0.0116357877485 
0.00166365893989 
0.0050036433307 
0.0050107638461 
0.0117077665762 
0.0117286894958 
0.00670918516374 
0.00671563312593 
-0.00672556909152 
-0.0117815442983 
-0.0118251302996 
-0.0169064299947 
-0.0118543458541 
0.00846807240363 
0.0135472740666 
0.0287838012206 
0.0625746943786 
-0.00677357152171 
-0.0152429229682 
-0.0271089175489 
-0.0271131310258 
-0.00846994861105 
0.018615955912 
0.0304396533898 
0.0304471050131 
0.0270793090752 
0.0101577271641 
-0.00338744907629 
-0.0169527048364 
-0.0169616231384 
-0.0339507732538 
-0.0322544426418 
-0.0305605231056 
-0.0203687349555 
-0.0135677895957 
-0.0220451948277 
0.0 
-0.00508814867525 
-0.0101709778927 
-0.0118546856731 
-0.018614740795 
-0.0202895034674 
-0.0219439275877 
-0.0202372149052 
-0.0134762939415 
-0.0100995258465 
-0.00504430311082 
-0.00504180252319 
-0.00504218880832 
-0.00504310263246 
-0.00504360070703 
-0.00504230680679 
-0.00167916827221 
-0.00167463441727 
0.0 
0.00167139694252 
0.0016679767912 
0.00166666896465 
0.00166568156805 
0.001664200882 
0.00166376796004 
-0.00166407965699 
-0.0133111070039 
-0.0216224436484 
-0.0266101038229 
-0.0299368968757 
-0.0266072812134 
-0.0182730894406 
-0.00497844869924 
0.00497288378557 
0.0066233332454 
-0.0016550506409 
-0.00993051000002 
-0.0165595132263 
-0.0314770872442 
-0.0364841794238 
-0.028211315633 
-0.0282178093938 
-0.026561805533 
-0.0132808242345 
-0.0116207746287 
-0.0116256454987 
-0.00830523454737 
-0.0249247820931 
-0.0282489937935 
-0.0249252638743 
-0.0298974853405 
-0.0331788734745 
-0.0298400253102 
-0.0298316610228 
-0.0331271086124 
-0.0364159210773 
-0.0396819892469 
-0.041269095478 
-0.0396039073946 
-0.0412152780696 
-0.0346071627499 
-0.0329580412105 
-0.029660204456 
-0.0296563398224 
-0.0345984715684 
-0.0329601875007 
-0.0280299311807 
-0.0214564895586 
-0.0148762108721 
-0.0115746516417 
-0.0115753233358 
-0.0132169792428 
-0.0148437345958 
-0.0131896387181 
-0.0164827688071 
-0.0181171169149 
-0.0131716095635 
-0.0148209396222 
-0.0148106687985 
-0.0115182234076 
-0.00986684500493 
-0.0131495947175 
-0.011503316327 
-0.0115002218841 
-0.00984400326654 
-0.013117460734 
-0.0114599518598 
-0.00653870868555 
0.0 
0.00325783721183 
0.00325382684066 
0.00162522937463 
0.0 
-0.00324921733631 
-0.00162390633755 
-0.00324704152475 
-0.00648906400359 
-0.0113448415214 
-0.00971954804581 
-0.0113298968658 
-0.0177976509997 
-0.00970310887143 
-0.00323158353651 
-0.00161486295749 
-0.00161279532762 
0.00161165232968 
-0.00161087898073 
-0.00966635186024 
-0.0128863593468 
-0.0128857338681 
-0.0112780919744 
-0.00967167447647 
-0.00322735686217 
0.0048461105054 
-0.00161736237296 
-0.00323689808586 
-0.0194169730977 
-0.0355691496518 
-0.048373246705 
-0.0483575092215 
-0.0386901383251 
-0.0386541849381 
-0.041857365707 
-0.0418469988428 
-0.0418470598282 
-0.0450573926036 
-0.0482794044609 
-0.0531133797344 
-0.0530593160015 
-0.0497489117701 
-0.0433039405348 
-0.0336449915538 
-0.0239664632579 
-0.0175555179011 
-0.0111545943889 
-0.0127342030978 
-0.0127258609379 
-0.0142930006876 
-0.0126932725153 
-0.0079237315714 
-0.00633387007612 
-0.014256203539 
-0.0190235384392 
-0.020639325789 
-0.0190495692231 
-0.0126887501843 
-0.0015835023166 
0.00316073885683 
0.0110489754714 
0.0141832215871 
0.01418214741 
0.00787670633024 
0.00786336842679 
0.00471391796478 
0.0047037412383 
0.00783946594708 
0.0093868649716 
0.0125042888165 
0.0140263543305 
0.0140127437725 
0.0124353570599 
0.00621264760895 
0.00155239836153 
-0.0046527446449 
-0.00929420852084 
-0.00773876331081 
-0.00617867201839 
-0.00154364574322 
0.00462955974818 
0.00617034015066 
0.00617354698231 
0.00772093099988 
0.00618715099505 
0.00465301923992 
-0.00465913547603 
-0.0186687747298 
-0.0218107256512 
-0.0202591624462 
-0.0140320308553 
-0.00937393605654 
-0.00781127013492 
-0.00781080873013 
-0.0109391459565 
-0.0140673660643 
-0.0187646457736 
-0.0172183654981 
-0.00783373466554 
0.00471364531708 
0.0141593521129 
0.0220602847992 
0.029950398438 
0.0268315860986 
0.00789764606599 
-0.0015816235385 
-0.00316650344391 
0.00158496344295 
0.00793790310102 
0.0142963251823 
0.017496242324 
0.0206930621089 
0.0222917188702 
0.0175449002525 
0.00958458898151 
-0.00319620599623 
-0.00479539764209 
-0.00159850491711 
0.0 
0.0160150990062 
0.0240617162476 
0.0321516763772 
0.0273390541125 
0.0192887086133 
0.0112497691947 
-0.00642144389676 
-0.0144469135236 
-0.0208668113684 
-0.0176548459582 
-0.0192653336726 
-0.0208794632344 
-0.0192857289669 
-0.0257292175293 
-0.0353970092846 
-0.0402626781777 
-0.0451810333911 
-0.0500787991361 
-0.0452864258217 
-0.0356311990904 
-0.0291632370878 
-0.0194507806655 
-0.011353134133 
-0.0129769401801 
-0.0113618433525 
-0.0178659171229 
-0.0113689263564 
-0.00812176520953 
0.0 
0.00325384728698 
0.00815084403624 
0.0195821155275 
0.0179855408284 
0.0261902794337 
0.0343816917794 
0.0458501947774 
0.0524171262924 
0.0639092319559 
0.0639682428991 
0.0607778776017 
0.0575170964333 
0.0591858834033 
0.0478026219404 
0.0413303821209 
0.0446575827332 
0.0430495955209 
0.046421473484 
0.0547517247956 
0.0614086962323 
0.05814065714 
0.0532187277534 
0.044936123508 
0.0433108813403 
0.0383335985501 
0.033383100202 
0.0334104983067 
0.0451132194823 
0.0567910010105 
0.061827451252 
0.0734968378033 
0.0702004952553 
0.0619666937768 
0.0553659741308 
0.0419846746364 
0.0336403127271 
0.0235649177818 
0.0269565925134 
0.0320389899399 
0.0387832777818 
0.0404709085652 
0.0438949432152 
0.0422312757952 
0.0439601766073 
0.0457173379115 
0.0356127933262 
0.0339682922243 
0.0373627971834 
0.0475309755539 
0.0492428139297 
0.0678512466948 
0.0745799649403 
0.0778702676636 
0.0929829763813 
0.0980107477007 
0.101256276911 
0.10115719094 
0.0960830611175 
0.0927257026103 
0.0809848523554 
0.0708533567366 
0.0657830998412 
0.0539548980656 
0.0320376843229 
0.0269566942727 
0.0269490081904 
0.0235910994833 
0.0337128019367 
0.0253502863032 
0.0202950512393 
0.0186155788934 
0.00677645019069 
-0.00339129257724 
-0.00850118811925 
-0.0119137197381 
-0.011932002305 
-0.0119381005557 
-0.00854024552181 
-0.00683814582053 
-0.0085538561976 
-0.00855422184562 
-0.0102655187948 
-0.0136877515632 
-0.0153943949132 
-0.0170943113702 
-0.0153804513571 
-0.00512619268763 
0.00854287134599 
0.0239160510835 
0.0307404078429 
0.0273128146316 
0.0153374544358 
0.0102254150631 
-0.00681179553682 
-0.0204175480315 
-0.0238192776104 
-0.0255083628221 
-0.0238084939581 
-0.0136088122399 
-0.00680752087283 
-0.0017031777157 
0.0 
-0.00340821306725 
-0.0102407462785 
-0.0170755244715 
-0.0222080139486 
-0.0222249040825 
-0.0188120864146 
-0.0154016564122 
-0.00856632748595 
-0.00514716758487 
-0.00343792899985 
0.00343986940273 
0.0189331466095 
0.0310279604065 
0.0379454513904 
0.0396686087426 
0.0362170482656 
0.0224289103406 
0.0138151434157 
0.017277859486 
0.0172855845236 
0.0259268758047 
0.03629606157 
0.0449426412873 
0.050182493424 
0.0485129029133 
0.0381674550211 
0.031246206825 
0.0156323298448 
0.017365670539 
0.0156118603841 
0.0156107538834 
0.0225391893575 
0.0311860049959 
0.0329100778403 
0.0398227998488 
0.0398367507949 
0.0346128183019 
0.0293860991474 
0.0224696677517 
0.010368146447 
0.0086395574402 
0.0155484000488 
0.0259105383963 
0.0276346412829 
0.0310869620127 
0.0345561208335 
0.0207480043107 
-0.0173080798051 
-0.00865639991936 
-0.0190449540739 
-0.0276643733045 
-0.0207140245341 
-0.0241426028427 
-0.015502127658 
-0.118068826655 
0.0803778840154 
0.0631416317467 
-0.0458211275623 
0.0657448707409 
0.0151299007733 
0.297672785095 
0.140744609969 
0.0697007281728 
-0.0264610088463 
-0.0378141095086 
-0.0443590521988 
-0.0410321342028 
-0.0098371033706 
0.01476935533 
0.0114955239303 
0.0213546057045 
0.0213508701848 
-0.00986271528298 
-0.0279543568022 
-0.0476619600646 
-0.0493500357817 
-0.0460933500218 
-0.0296841204704 
-0.00825503003356 
0.0 
0.0181902680618 
0.0165397563928 
0.0115756564739 
0.0115645719114 
0.018150825958 
0.016484300067 
0.0148272717812 
0.0230578237051 
0.0312783636814 
0.0362210807307 
0.0329283144707 
0.0362030605571 
0.0361994717321 
0.0411231960871 
0.0411472817872 
0.0345913245897 
0.0395591290413 
0.0379307719042 
0.0461949149678 
0.0396248519546 
0.036306752802 
0.0346241827051 
0.029639274336 
0.0214070069326 
0.0181158479707 
0.0164699352937 
0.0115402669699 
0.0115488850823 
0.00990838160258 
0.0115651604385 
0.0165192399204 
0.00825479478675 
0.00495235938691 
0.00991168376029 
0.0148756528249 
0.0247985721733 
0.0248030117138 
0.0231572000741 
0.021520024492 
0.00828386774152 
0.0016592781789 
-0.00166053445624 
0.00498892950837 
-0.00332797449033 
0.0 
-0.00166811331256 
0.0 
0.00667568382825 
0.0133747504098 
0.020113740524 
0.0251678632952 
0.0252007550638 
0.0252077932805 
0.0201614767034 
0.01679049693 
0.0151076422474 
0.0134332412951 
0.0117529588905 
0.0100771648338 
0.0151117303531 
0.0134239961002 
0.0134131935828 
0.0100601712002 
0.00838600826122 
0.0050340417012 
0.00167865147426 
0.0 
-0.00504395532168 
-0.00168196017223 
-0.00336397153208 
-0.00841025400153 
-0.00336535158902 
-0.00673364542828 
-0.00336487452757 
0.00672548227909 
0.0134242742805 
0.0217839094986 
0.030130201583 
0.0351426035508 
0.0334730944494 
0.0284627190391 
0.0335060523797 
0.025174395704 
0.0218473246724 
0.0286466259545 
0.0219310399747 
0.00675566244286 
0.0 
-0.0186021198736 
-0.0236880133833 
-0.0186154662413 
-0.0236839841648 
-0.0169006182827 
0.00168879226755 
0.00337416029496 
0.00673617380373 
0.0117799948459 
0.00841053934187 
0.0067193566127 
0.00167785291158 
0.0100612048244 
0.00335218571568 
-0.00335164354644 
-0.00167642207529 
-0.00503110304992 
0.00167751120968 
-0.00335578524383 
-0.0117455727141 
-0.00671155773332 
-0.0117360769646 
0.0 
-0.00669921405164 
-0.00334923590683 
0.00167482967724 
-0.00837639871019 
-0.00335100623974 
-0.00838185693827 
-0.0100620093482 
-0.00167760930387 
-0.00839290425743 
-0.0100817515649 
-0.00673901589493 
-0.00843503251117 
0.00337499680127 
-0.00168730864541 
0.00337470352887 
0.0134983159295 
-0.00675433521995 
-0.0118280227882 
-0.0101407232963 
-0.0203019578789 
-0.0101710535273 
-0.00679826251357 
-0.00510255091674 
0.0 
-0.0119505151968 
-0.0119686367577 
-0.00513333771557 
-0.0102733483367 
-0.006852307275 
0.00856923617485 
0.00171492392654 
0.0120114021752 
0.0120196422014 
0.00515669565396 
0.00688177212717 
-0.0034483828527 
-0.00345564094298 
-0.00345920542542 
0.00865902330128 
0.0173342589616 
0.0260242861543 
0.0191266616871 
0.0104530242337 
0.0104808264995 
0.00699132086882 
0.00350304206241 
0.00527344462473 
0.0 
-0.0017634278135 
0.00353658199407 
0.00531538608667 
0.0141898266082 
0.00887988036544 
0.00711638001682 
0.00890756309363 
0.0178262734034 
0.0250297898915 
0.0268434221986 
0.0376513145376 
0.0395228547614 
0.0269715791835 
0.0306432199014 
0.0288650538044 
0.0234725445717 
0.0144696769768 
0.0199081619265 
0.0199107201168 
0.0199220844298 
0.0217740053328 
0.0254514916049 
0.032750574901 
0.0255244865388 
0.0182418414459 
0.016427716605 
0.0109532049872 
-0.00547516248033 
-0.00912536599095 
-0.00365115362337 
0.00182513485747 
0.0 
0.00731180030052 
0.00915241040078 
-0.00366352923885 
-0.00732905083266 
-0.00366848523171 
-0.00733887626696 
-0.00734333086784 
-0.0110138242688 
-0.00183467145757 
0.00550437860831 
0.0 
0.00367103846341 
0.00550573986677 
-0.00183410008036 
0.00366660757474 
0.00916342524316 
0.0109935242193 
0.0183089709981 
0.0183073744682 
0.0201317144035 
0.0128172294111 
0.00183140476567 
0.0018318062857 
-0.0073272692523 
-0.00916272543036 
0.00733927178433 
0.0110077081873 
0.00550229419204 
0.0219691693324 
0.0347681151373 
0.02012608949 
0.0164635081501 
0.0109649694543 
-0.00182415835615 
-0.00364531549002 
-0.00364404644643 
-0.00910221341459 
-0.00181936724033 
0.00181875897997 
0.0 
-0.00181301585217 
-0.00181143637532 
0.00181030834339 
0.0126712435405 
0.0217125167466 
0.0361587132952 
0.0541812479663 
0.061369281083 
0.0577227806238 
0.0414876098992 
0.0288350800139 
0.0180064983629 
0.00540060129386 
-0.00179979761282 
-0.00720154162028 
-0.0143996071589 
-0.0197607237739 
-0.0268874270581 
-0.0285860640872 
-0.0178590493988 
0.0035687226581 
0.00355805696892 
0.00710591519949 
0.00710429699007 
-0.00355096572293 
-0.017786662599 
-0.0231273309371 
-0.0195838062438 
-0.0142784409701 
-0.0142836410627 
0.0 
0.0107345591319 
0.0268322489792 
0.0285819744226 
0.0231927054748 
0.0249402029675 
0.00890324006793 
-0.00356160793075 
0.00178164548656 
0.0071343157502 
0.0107065312913 
0.0178652027077 
0.0161267963183 
0.0161490467509 
0.0125885829654 
0.00180163106928 
-0.00360740595041 
-0.00721968294078 
-0.00902655780445 
-0.00902555245156 
-0.00180430971601 
-0.00721290413041 
-0.0162155772813 
-0.0234202706593 
-0.0414102600189 
-0.0431822715735 
-0.0323970154396 
-0.0162126608422 
0.00180272971403 
0.0198403961475 
0.0216566260173 
0.0180499469107 
0.0270696833364 
0.0252312694091 
0.016215639967 
-0.00719880140962 
-0.00717619203397 
-0.0125294212707 
-0.0250305920635 
-0.016049447373 
-0.00534609340976 
-0.00178204622761 
0.0053387827965 
0.00532716520078 
0.00531774430268 
0.01239720787 
0.0017679116319 
-0.00176536946231 
-0.00176408316167 
-0.00176136822854 
-0.00528025508206 
-0.0017562083382 
0.00701833245555 
0.0105137818718 
0.0157581899732 
0.0157527060773 
0.012242849275 
0.012227258437 
0.0139554870525 
0.0261212968605 
0.0191300317518 
0.024264699326 
0.0259482466865 
0.0241396497596 
0.0275637893704 
0.013726682319 
0.0119985724654 
0.0188175563964 
0.00852162521542 
0.00170147930183 
0.0084999932045 
0.0135938676479 
0.0152905590933 
0.0271566123169 
0.0237503874885 
0.0101541066555 
0.0084498849798 
0.00168688275089 
-0.0134714799866 
-0.0100887118883 
-0.00335894780212 
-0.00167620112232 
0.00502304142621 
0.0150664736137 
0.0200407871205 
0.0133362237789 
0.00664201469881 
-0.00165861244806 
-0.00826023618652 
-0.00494827933507 
-0.0016443683512 
0.00328383641189 
0.00164031911356 
0.0 
-0.00327077290365 
-0.00163235869009 
0.00326229791078 
0.00977031728166 
0.0179022970739 
0.0260091326668 
0.0292204700726 
0.0291935385618 
0.0275249091175 
0.0226619738537 
0.019406518544 
0.0177728091116 
0.0145407572658 
0.0129335057439 
0.0129385564449 
0.0129336752335 
0.0113149714721 
0.0113171180885 
0.0096963467212 
