0.437570423647 
0.467221208128 
0.471495214921 
0.474227408183 
0.476865053839 
0.459897101469 
0.304896866453 
0.180808768775 
0.0480585348959 
-0.016038562756 
-0.0696793319357 
-0.0697028995064 
-0.0429231012882 
-0.0805788922183 
-0.102131964358 
-0.118331865745 
-0.166881671878 
-0.183114250913 
-0.193971680852 
-0.177733670938 
-0.161464729696 
-0.139769528539 
-0.0967475833051 
-0.0752198576142 
-0.0698185550388 
-0.0590741109598 
-0.0429569194136 
-0.0322220055425 
-0.0161071319587 
2.33930390295e-46 
0.00537105984313 
0.0161136731974 
0.0161095019002 
0.0160926815364 
0.0160784968523 
0.0107155749724 
0.0107048839972 
0.0106996189205 
0.00534689312667 
0.00533911335197 
-7.74426892837e-47 
0.00533440721501 
0.00532988609531 
-0.0159541985529 
-0.037209019368 
-0.0690597897834 
-0.0954930004786 
-0.0901412345867 
-0.0635355231164 
-0.0423400743129 
-0.0264514417748 
0.00528487169638 
0.0105652237235 
-0.010565798586 
-0.0264186299752 
-0.0739492754079 
-0.0896944785007 
-0.110766602953 
-0.073831357301 
-0.0422095423534 
-0.00528566746032 
0.0370471396306 
0.053116275405 
0.0319711400173 
0.0053379850219 
-0.0373941797024 
-0.0534193416067 
-0.0480776385742 
-0.0320608807237 
4.65435246615e-46 
0.0106827276313 
-0.010675186426 
-0.0320204930024 
-0.0480625950672 
-0.0481022473696 
-0.0427718638743 
-0.0374315880214 
-0.0534751182358 
-0.0587731305763 
-0.042697347828 
-0.0373493556686 
-0.015994195384 
0.0053296738538 
0.0266363848145 
0.0372863772797 
0.0372929435113 
0.0319643311868 
0.0319586222184 
0.0266346552583 
0.0266429249471 
0.0320175582954 
0.0267033360404 
0.0267145266048 
0.026718582579 
0.0267194070973 
0.0320692230488 
0.0267213070833 
0.0160282310217 
0.00534188869663 
-0.0053429065079 
-0.0106937428514 
-0.0160415470372 
-0.0106969180731 
-0.0160348486348 
-0.0320444103072 
-0.0266908357872 
-0.0533465059215 
-0.06933611226 
-0.0959634778439 
-0.111948571637 
-0.138511010426 
-0.133171221456 
-0.12247931255 
-0.117082721077 
-0.132941950092 
-0.100972423797 
-0.0690267541249 
-0.0318460694958 
-0.0106107535006 
-0.0106151733548 
1.53882757706e-46 
-0.0425271471643 
-0.101072137604 
-0.111810137545 
-0.0959536284907 
-0.101355872985 
-0.096289207508 
-0.0535990030142 
-0.0268361501144 
-0.0322560188934 
-0.0377116147415 
-0.06478992665 
-0.0594608208713 
-0.0432735645233 
-0.0703534796302 
-0.0324744792191 
-0.0270435618331 
3.91724405058e-46 
0.0215924761537 
-3.11851504462e-46 
0.0323443291844 
0.0484862600726 
0.00538551159342 
0.010762077386 
0.032292664781 
0.0107742701716 
0.0377651923296 
0.0593789145814 
0.0215922731852 
0.0107948194864 
0.00539383340979 
-0.0323507972378 
-0.0377244638513 
-0.0700271840003 
-0.0915136315228 
-0.0968867743804 
-0.0592300977502 
-0.0431131633095 
-0.0215608695182 
-0.0107805568239 
-0.0377211055412 
-0.0323629694838 
-0.0323961799874 
-0.0324239579342 
-0.0324691069805 
-0.0216726091795 
-0.0271190127841 
-0.0162955665799 
0.0271742786605 
0.0217835936289 
0.0163420255304 
0.0163474251067 
-2.36044547181e-46 
-0.0218160324269 
-0.0163691402292 
0.0109141938416 
0.0163700269451 
0.0327422623251 
0.0654962208688 
0.0327619313211 
0.0437014378068 
0.0218445332371 
0.0545347221489 
0.0435638316231 
0.0381091711486 
0.0706992643819 
0.05975879459 
0.0325743688779 
0.0108331630032 
-0.0108179209753 
-0.0269928917798 
-0.0323900008499 
-0.037809212081 
-0.0324484715254 
-0.0540998387403 
-0.0649964334816 
-0.0541798930299 
-0.0596281991483 
-0.0650647218891 
-0.0650640866463 
-0.0487775873866 
-0.0433142048608 
-0.0595236680417 
-0.0378745957071 
-0.0541202747427 
-0.0487150799444 
-0.0649399226334 
-0.0758419385591 
-0.07585991156 
-0.0867505468519 
-0.0867565592815 
-0.0867219100086 
-0.0758645728438 
-0.0487608406752 
-0.0378946563954 
-0.0378060240366 
-0.0431801880136 
-0.0431413428253 
-0.048505460248 
-0.043137562196 
-0.0539201199561 
-0.0648183729159 
-0.0866803981333 
-0.0815300240057 
-0.0815786782503 
-0.0870904213259 
-0.0654293336385 
-0.0491342839127 
-0.0437076882514 
-0.0328415718724 
-0.049298285891 
-0.0493440702339 
-0.0714680602483 
-0.0605125840974 
-0.0605688096261 
-0.0386005721874 
-0.0331245593075 
-0.0165824811793 
-0.00553165159054 
-0.00553165159054 
-0.0165930250639 
-0.0165777459827 
-0.0110518854538 
-0.011048406104 
-0.033139889629 
-0.0276107949526 
-0.0220870610861 
-0.0386520691225 
0.0110440674847 
-0.0220914619361 
-0.0220874931051 
-0.0276139518632 
-0.0607557630561 
-0.0829084762944 
-0.0773833116428 
-0.0110569598342 
0.0663360074649 
0.0552789318168 
0.0552402631436 
-0.027603131498 
0.0551891621836 
-0.0275929201732 
-0.0828288800478 
-0.0938729760623 
-0.13250704412 
-0.0773790474047 
-0.16034438179 
-0.11626681205 
-0.0996976630492 
-0.110671538436 
-0.110671538436 
-0.0829294840093 
-0.104959560841 
-0.110507070086 
-0.0938972393279 
-0.0662640570056 
-0.0496888104785 
-0.0331127159376 
-0.00551515485982 
0.0110201284835 
-0.0220056487446 
0.00548920486244 
0.0109783774969 
0.0109669930662 
-0.027401760753 
-0.0383510039185 
-0.0602555819842 
-0.0547654573711 
-0.054733757803 
-0.0437893674325 
6.33751267851e-46 
-0.00546239235103 
-0.0163502257024 
-0.0217041799202 
-0.0542560924938 
-0.0919893327654 
-0.12399145296 
-0.145304458898 
-0.150244481118 
-0.139214529091 
-0.127927421956 
-0.106384796405 
-0.0795553877528 
-0.0687749707568 
-0.0633961729371 
-0.068588072926 
-0.0631987221126 
-0.068443829296 
-0.0684392393005 
-0.0736126831001 
-0.057836031815 
-0.0315370504912 
-0.0104966578005 
0.00523752040199 
0.0209227083568 
0.0209039105449 
0.0156644243804 
0.0104342462921 
0.00520922868893 
-0.00520473735384 
7.4694920114e-47 
-0.00520169749342 
7.51963975927e-47 
0.0104069384286 
0.0104082273461 
0.0156206412262 
0.0156341395782 
0.0156400898386 
0.0469235715019 
0.0574201908953 
0.0939931548964 
0.0888884897098 
0.0837192616559 
0.0523484229519 
0.0418979457505 
0.0262050054187 
-3.80049768804e-46 
-0.0104941944767 
-0.0210008281151 
-0.0262703145546 
-0.0263001374585 
-0.0263262955767 
-0.0210732889108 
-0.026362311863 
-0.026402316831 
-0.0264510356541 
-0.0264781356096 
-0.0265129973375 
-0.0212578059948 
-0.0159624830131 
2.31201497526e-46 
0.00533756732142 
0.0106870657185 
0.0160372585985 
0.016039715236 
0.0160441505742 
0.0213924958831 
0.0214012740375 
0.026792461532 
0.0321615633332 
0.0375207970494 
0.0374961762477 
0.0374521005748 
0.0374350320356 
0.0373813941179 
0.0320261554045 
0.0586970495372 
0.0906910388979 
0.106637106111 
0.127823088482 
0.101171046552 
0.0904804183328 
0.0585468494207 
0.0159530911567 
0.00531635682281 
-7.74498723389e-47 
-0.0212335118966 
-0.0212107111212 
-0.0106005038662 
1.53408676065e-46 
0.0105885215923 
0.0158830492671 
0.0158903742648 
0.0105953359277 
0.0052977664113 
-7.68244453967e-47 
1.04437786188e-75 
0.00529708059062 
0.0105894736696 
0.0211653611661 
0.0317184370858 
0.036982092827 
0.0316844367419 
0.0264031447716 
0.0211412345443 
0.0158624253552 
0.0158748520326 
0.0158821844868 
0.0211841046792 
0.0211720756537 
0.0264441293453 
0.0210992448452 
0.0158117837845 
0.0157913406998 
0.0105187991713 
0.0157734001898 
0.0157696240179 
0.0157734359857 
0.0157641271212 
0.0210104012908 
0.020977946013 
0.0209518137855 
-3.04339699244e-46 
-0.0261598499814 
-0.0471031734865 
-0.0889532059354 
-0.0889464399251 
-0.0732437352656 
-0.0523073542927 
-0.0261477535305 
0.0052287497166 
0.0418163411231 
0.0574762177865 
0.0626644945774 
0.0521736383401 
0.0417190070758 
0.0312864788531 
0.0260600243217 
0.0260668811066 
0.0208579270354 
-0.00521464391294 
-0.00521604098453 
-0.0261007852577 
-0.0313206374238 
-0.026129260951 
-0.020920332151 
-0.0156927397172 
2.26184049974e-46 
-0.0261614104461 
-0.0314011321344 
-0.0524017476983 
-0.104847993399 
-0.110156281969 
-0.157321435324 
-0.136385646928 
-0.125865497041 
-0.110105111831 
-0.0839063327525 
-0.0786643646388 
-0.0681571382889 
-0.172811201142 
-0.204120340555 
-0.320931464473 
-0.361245090563 
-0.398936864951 
-0.418860159348 
-0.401515235794 
-0.369149893355 
-0.337919601903 
-0.310762476245 
-0.281444502797 
-0.24501166919 
-0.187873744318 
-0.15134417227 
-0.15123087718 
-0.156357789068 
-0.140690317692 
-0.161332121731 
-0.129910551728 
-0.0103914086909 
0.0155835439716 
0.0207816104286 
0.0415333892711 
-0.0622926468044 
-0.202309529173 
-0.305725155385 
-0.326009573378 
-0.333198443973 
-0.32991816682 
-0.324501637772 
-0.248132237373 
-0.181058282522 
-0.155131382136 
-0.129321260969 
-0.165498486592 
-0.191262941392 
-0.206698349774 
-0.222038920188 
-0.19117166748 
-0.149955721809 
-0.124213142178 
-0.0931938834905 
-0.0776856810248 
-0.0569972693108 
-0.0674448582292 
-0.0519141341043 
-0.0103943690963 
0.0104013495602 
0.0520468481698 
0.0520742682663 
0.0260330144868 
-0.00520685171463 
-0.0208472712762 
-0.0364977935493 
-0.0573722120771 
-0.052204919372 
-0.0522273706073 
-0.0574896647719 
-0.0523580576209 
-0.0576401329058 
-0.0576731127738 
-0.0314846158967 
-0.0315198839474 
-0.0262951598721 
-0.0315916998242 
-0.0422012114105 
-0.0475431608221 
-0.0476749105051 
-0.0318061003614 
-0.0212395462234 
-0.0106488184621 
-0.0106686738906 
-0.0267685470324 
-0.0375803932284 
-0.0483634393556 
-0.0591843554593 
-0.0539588121887 
-0.0432246603104 
-0.0324590786775 
-0.021652548563 
-0.0162547514944 
-0.0108467833751 
-0.0108467833751 
-0.0108550820106 
-0.0326409904493 
-0.0544683111182 
-0.0818178885451 
-0.103953291354 
-0.104066731145 
-0.0768010984289 
-0.0495081768373 
-0.0275261528817 
-0.016533418229 
-0.0220712604472 
-0.0165547807914 
-0.0110411418858 
-0.0110438187848 
-0.0110485014866 
-0.0110615180144 
-0.0276756573676 
-0.027722589596 
-0.0332996613323 
-0.0444204176186 
-0.0333374583752 
-0.0222303374312 
-0.00556045987914 
8.05942129725e-47 
-0.0222703276648 
-0.0389824153316 
-0.066820605005 
-0.0891828721434 
-0.0948676027576 
-0.078205598175 
-0.0670801545096 
-0.0447599689988 
-0.0335817769998 
-0.0335778583534 
-0.050347915564 
-0.067097435341 
-0.0782395147822 
-0.0893836929656 
-0.0893825784705 
-0.0838215504904 
-0.100529882054 
-0.105982469217 
-0.0778653482506 
-0.0555426775427 
-0.0388194403984 
-0.0387673210889 
-0.0553444405736 
-0.0497299778363 
-0.0496662882264 
-0.0495825204667 
-0.0604805784134 
-0.0603916465982 
-0.0768226087942 
-0.0822053110876 
-0.0711955264654 
-0.060206011507 
-0.0492126738397 
-0.0491489752304 
-0.0545397461365 
-0.0654225706858 
-0.065331439211 
-0.0652745612993 
-0.0543096536985 
-0.0488507854793 
-0.0542052865515 
-0.043344709901 
-0.0703940593008 
-0.113618086322 
-0.113614446575 
-0.0919917547662 
-0.0811798485959 
-0.043297130462 
-0.0432827041273 
-0.0540746526796 
-0.0702705442049 
-0.113475286996 
-0.145920928286 
-0.167545095193 
-0.167516540274 
-0.162108840178 
-0.162165082321 
-0.102895481812 
-0.108400558559 
-0.086769853978 
-0.0650794199356 
-0.0704947293963 
-0.0650544755185 
-0.0596388461649 
-0.0433657643398 
-0.0325061471692 
4.69834617328e-46 
-6.41099099174e-75 
0.0108210440251 
0.0324567110617 
0.0324433637557 
0.0108142418366 
0.0324410636955 
-4.68372615032e-46 
-0.00541376006578 
-0.0108407900774 
0.0108572325603 
0.00543671009842 
0.0271965282728 
0.0381112122925 
0.0272753030486 
0.00546228221822 
-7.9071405279e-47 
1.07543122369e-75 
-0.022017815911 
3.19245708032e-46 
0.0165809670406 
0.0553327416123 
0.0775472867679 
0.105327965749 
0.121944798502 
0.133033596801 
-0.216183720463 
0.243940380706 
0.277213494483 
0.308429100072 
0.360401246919 
-0.00552486043089 
-0.143781286073 
-0.331246313189 
-0.341933988011 
-0.321329244318 
-0.3 
-0.137918945606 
-0.328029538783 
-0.137912019683 
-0.0165329530817 
0.0605500297248 
0.115439641861 
0.0660316745585 
0.0496151249591 
0.0220719456216 
0.0165604579566 
-0.0607158781149 
-0.0607301202886 
-0.0607358639443 
-0.0221094866664 
0.0165889951279 
0.105114075984 
0.143933698908 
0.14406484675 
0.127478227369 
0.077635089072 
0.0221920938565 
-0.0166479425235 
-0.0277298136821 
-0.0277200550788 
0.0221577003767 
0.0387149208829 
0.0441842151609 
0.0772077091575 
0.0605425359009 
0.0330008315257 
-4.75985985309e-46 
-0.0164616031818 
-0.0438177129871 
-0.0437261124075 
-0.0273087424232 
-0.0108960038698 
0.0108812392544 
0.0271528664354 
0.0433809147786 
0.0594977613188 
0.0432476789077 
0.0378002784051 
0.0161587120092 
0.00537952136475 
0.00537287109164 
0.00537066614304 
-7.77366934019e-47 
0.0267802448998 
0.0588630703272 
0.0961718296262 
0.13347276389 
0.154616389669 
0.111748448783 
0.143465876539 
0.100916192381 
0.0742279842318 
0.0635417463648 
0.0791908126336 
0.0949232076508 
0.0790304986215 
0.110554085196 
0.115776545722 
0.115679022712 
0.120766350651 
0.0996786645605 
0.0943309320265 
0.0837447563225 
0.0836749470276 
0.114827567711 
0.156404256551 
0.171795803201 
0.202744067081 
0.218219885803 
0.228369702078 
0.207650059487 
0.197199473883 
0.187011893488 
0.17148567023 
0.171494893139 
0.140345425161 
0.129936505379 
0.129893603081 
0.145449947414 
0.140212573909 
0.103839957934 
0.0778920570386 
0.0415421360232 
0.0311410383384 
0.0363030225931 
0.0310743919007 
0.0362087517458 
0.0464923655183 
0.0619615064875 
0.082586109097 
0.0722841592454 
0.0361669258905 
0.0206707743997 
0.0051690434085 
0.00516942401161 
0.020688954401 
0.0206982389189 
0.0517495608358 
0.0466329004885 
0.0311042124715 
0.0310944745779 
-0.00518060337235 
-0.0414022905404 
-0.0413566787616 
-0.0516826112614 
-0.0567875360302 
-0.041239640395 
-0.0360729197001 
-0.0257509597163 
0.0102840832449 
0.0359857131022 
0.0616971022343 
0.0720350038904 
0.0618048456331 
0.0516647409399 
0.0413737216391 
0.0465839491836 
0.0414195338067 
0.0414453473608 
0.0725677576367 
0.0777847794321 
0.0829838733993 
0.0933887801038 
0.0934540712571 
0.119721632938 
0.135528387922 
0.0992120166296 
0.104802739886 
0.0841375003268 
0.0896845719241 
0.0634723333674 
0.0476622778027 
0.0477496410384 
0.0478500962091 
0.0425643207631 
0.042574417572 
0.0372784157592 
-0.00532998461155 
-0.0160305344532 
-0.016053346964 
-0.0375090195416 
-0.0375760518141 
-0.0214947023223 
-0.0215153601257 
0.0215471926981 
0.037745386572 
0.0378850262005 
0.0541643539715 
0.0379786261879 
-0.0271297767341 
-0.0434023828876 
-0.0922167482105 
-0.200475079425 
0.0217009815596 
0.048834856056 
0.0868508021127 
0.0868643011338 
0.0271357876756 
-0.0596412859399 
-0.0975217217054 
-0.0975455950104 
-0.0867559433016 
-0.0325430460383 
0.0108526158915 
0.0543126080325 
0.0543411802424 
0.108770550655 
0.103335893441 
0.097908960766 
0.0652567910806 
0.0434681099738 
0.0706277869658 
-1.01762843572e-45 
0.0163012703446 
0.032585498357 
0.0379797148907 
0.0596373929816 
0.0650029514249 
0.0703033497762 
0.064835430772 
0.043174978721 
0.0323565822628 
0.016160799135 
0.0161527878213 
0.016154025391 
0.0161569530755 
0.0161585487931 
0.0161544034312 
0.00537967298255 
0.00536514754318 
-7.78466108506e-47 
-0.0053547754109 
-0.00534381802446 
-0.00533962804582 
-0.00533646465185 
-0.00533172087073 
-0.00533033388731 
0.00533133249338 
0.042645757368 
0.0692733884013 
0.0852527164596 
0.0959110042565 
0.0852436734613 
0.0585428197983 
0.0159498165881 
-0.0159319878712 
-0.021219652315 
0.00530240558074 
0.031815093957 
0.0530529116001 
0.100845423665 
0.116887007446 
0.0903826346798 
0.0904034392112 
0.0850979797308 
0.0425487382667 
0.0372303171402 
0.0372459222993 
0.0266080813029 
0.0798533291995 
0.0905033469306 
0.0798548727168 
0.0957847386675 
0.106297559438 
0.0956006498077 
0.0955738525343 
0.106131716601 
0.116668323238 
0.12713206233 
0.132216789485 
0.126881905846 
0.132044370757 
0.110873473213 
0.105590063124 
0.0950245447161 
0.0950121633097 
0.110845628645 
0.105596939349 
0.0898015201757 
0.0687417092669 
0.0476599939598 
0.037082549587 
0.037084701542 
0.0423441934439 
0.0475559473618 
0.042256600625 
0.0528070399474 
0.0580431193236 
0.0421988393172 
0.0474829174543 
0.0474500120728 
0.0369017663674 
0.0316111258022 
0.042128308761 
0.0368540074739 
0.0368440935831 
0.031537946071 
0.0420253587911 
0.0367150775903 
0.0209485344849 
-3.02629798021e-46 
-0.0104373689761 
-0.0104245206596 
-0.00520686503062 
7.48643065775e-47 
0.0104097528567 
0.00520262632095 
0.0104027820517 
0.0207894842225 
0.0363462902641 
0.0311392198685 
0.0362984109888 
0.0570196232387 
0.0310865524952 
0.0103532581754 
0.0051736533894 
0.00516702917389 
-0.00516336726861 
0.0051608896346 
0.0309687913968 
0.0412849625428 
0.0412829586513 
0.0361324399071 
0.0309858438479 
0.0103397168728 
-0.0155258351338 
0.00518166094773 
0.010370284782 
0.0622075626994 
0.113955460308 
0.154976873184 
0.154926453868 
0.123954397712 
0.123839211242 
0.134101473415 
0.134068260341 
0.134068455724 
0.144353631297 
0.154676223991 
0.170163180604 
0.169989972708 
0.159384190965 
0.138735969937 
0.10779089568 
0.0767830937549 
0.0562438838977 
0.0357367817497 
0.0407974885502 
0.0407707621686 
0.0457915212613 
0.0406663562793 
0.025385832594 
0.0202922781995 
0.045673631572 
0.0609470875953 
0.0661237025274 
0.0610304843027 
0.0406518677601 
0.00507318103336 
-0.0101262879453 
-0.035398402776 
-0.0454398140081 
-0.0454363725893 
-0.0252351744238 
-0.0251924428167 
-0.0151023203194 
-0.0150697164038 
-0.0251158647117 
-0.030073379014 
-0.0400608955192 
-0.0449372470193 
-0.0448936418892 
-0.0398400538592 
-0.0199039090037 
-0.00497353104025 
0.0149063349249 
0.0297765288334 
0.024793236384 
0.019795058944 
0.0049454896432 
-0.0148320557924 
-0.019768365536 
-0.0197786394948 
-0.0247361057182 
-0.0198222236555 
-0.0149072146649 
0.0149268096934 
0.0598105054111 
0.0698766010872 
0.0649057456983 
0.044955433313 
0.0300319577126 
0.0250255317466 
0.0250240535107 
0.0350465340064 
0.0450686392807 
0.0601176544161 
0.055163724331 
0.02509750299 
-0.0151014468182 
-0.0453633416452 
-0.0706761318003 
-0.0959542601892 
-0.0859622952638 
-0.0253022605715 
0.00506716185592 
0.0101447563703 
-0.00507786214966 
-0.0254312349496 
-0.0458021721858 
-0.0560539784392 
-0.0662958614663 
-0.0714175938915 
-0.056209867368 
-0.0307068417418 
0.0102399165879 
0.0153633626615 
0.00512124595095 
-7.39081250024e-47 
-0.0513087323422 
-0.0770882626553 
-0.103006653718 
-0.0875881072859 
-0.0617966324832 
-0.0360417001669 
0.0205728447899 
0.0462846229589 
0.0668525145504 
0.0565621083867 
0.061721744493 
0.0668930482495 
0.0617870863742 
0.0824305572555 
0.113403961748 
0.128992457505 
0.144749748241 
0.160441075007 
0.145087401603 
0.114154252587 
0.0934323743733 
0.0623158744523 
0.0363728579041 
0.0415751629175 
0.0364007602613 
0.0572383323607 
0.0364234525939 
0.0260202873002 
-3.76858487741e-46 
-0.0104245861649 
-0.0261134492429 
-0.0627366414599 
-0.0576215794882 
-0.0839076946644 
-0.110151115538 
-0.146893589029 
-0.167932543036 
-0.204750634096 
-0.204939691727 
-0.194718487409 
-0.184271686666 
-0.189618100319 
-0.153148721306 
-0.132413137941 
-0.143072731466 
-0.137921106399 
-0.148723835987 
-0.175412065309 
-0.196739486734 
-0.186269433254 
-0.170500691681 
-0.143965112715 
-0.138758206698 
-0.122812125417 
-0.106951855393 
-0.107039632685 
-0.144532487911 
-0.181945442183 
-0.198081082512 
-0.235467141189 
-0.224906409879 
-0.198527183872 
-0.177379980382 
-0.13450934225 
-0.107775905785 
-0.0754966334373 
-0.0863627873665 
-0.102645632019 
-0.124252795333 
-0.129659580276 
-0.140629408019 
-0.135299396239 
-0.140838400961 
-0.146467945867 
-0.114095284708 
-0.108826677449 
-0.119701898783 
-0.152278428108 
-0.157762768667 
-0.217379952156 
-0.238937234027 
-0.249478615113 
-0.297896294346 
-0.305176817651 
-0.309927401 
-0.309438598886 
-0.300924019597 
-0.297072047737 
-0.259457035618 
-0.226998029481 
-0.210754080327 
-0.172859213816 
-0.102641449119 
-0.0863631133803 
-0.0863384889218 
-0.0755805136502 
-0.108008144714 
-0.0812165478481 
-0.0650207252234 
-0.0596400780579 
-0.0217102041598 
0.0108649295938 
0.0272358719501 
0.0381688465994 
0.038227419783 
0.0382469571903 
0.0273610029788 
0.0219078629166 
0.0274046084864 
0.0274057799395 
0.0328883858908 
0.0438524408156 
0.0493201376942 
0.0547662831387 
0.049275465714 
0.0164231547019 
-0.0273694155219 
-0.0766215846215 
-0.0984852705244 
-0.0875040419607 
-0.0491377133638 
-0.0327599026618 
0.0218234426046 
0.0654131770668 
0.0763115444385 
0.0817229890382 
0.0762769960707 
0.0435995371895 
0.021809747554 
0.00545659377517 
-7.88468930433e-47 
0.0109191389928 
0.0328090203867 
0.0547060941909 
0.0711494223733 
0.0712035345182 
0.0602696434328 
0.0493434018843 
0.027444563656 
0.0164903534989 
0.0110143420779 
-0.0110205586871 
-0.0606574927452 
-0.0994065234943 
-0.121568590256 
-0.127089194239 
-0.116031180011 
-0.0718571241395 
-0.0442605753178 
-0.055354329528 
-0.0553790787905 
-0.083063809385 
-0.116284320656 
-0.143985994196 
-0.160773287905 
-0.155424299891 
-0.122279839363 
-0.100105735348 
-0.0500824270634 
-0.0556356561569 
-0.0500168475699 
-0.0500133025937 
-0.072210433011 
-0.0999128623892 
-0.105436399401 
-0.127583187451 
-0.127627883108 
-0.110891592314 
-0.0941463736908 
-0.0719877016087 
-0.0332171815315 
-0.027679175763 
-0.0498135350986 
-0.0830114680467 
-0.0885351013071 
-0.0995955512124 
-0.110709946529 
-0.0664718837768 
0.0554511485528 
0.0277331352331 
0.0610156984149 
0.0886303559376 
0.0663630203058 
0.0773474048973 
0.0496652888896 
0.324825166677 
-0.257512447196 
-0.202291417723 
0.146800464287 
-0.21063160299 
-0.048472758666 
-0.605675602368 
-0.337734572382 
-0.223305269889 
0.084775050087 
0.121147800759 
0.142116307576 
0.131457619489 
0.0315158403747 
-0.0473176531221 
-0.0368290424084 
-0.0684152965863 
-0.0684033288311 
0.031597895113 
0.089559397067 
0.15269807267 
0.158106283078 
0.147672603092 
0.0951011661833 
0.0264472374666 
-3.82023605543e-46 
-0.05827747895 
-0.0529896152022 
-0.0370857688406 
-0.0370502564253 
-0.0581511154261 
-0.0528119457557 
-0.0475032042507 
-0.0738720194248 
-0.100208758598 
-0.116044099112 
-0.105494825414 
-0.115986366576 
-0.115974868798 
-0.131749361042 
-0.131826526143 
-0.110822731352 
-0.126738446193 
-0.121521560523 
-0.147997994064 
-0.126949007449 
-0.11631857293 
-0.110928001275 
-0.0949574893752 
-0.068583178195 
-0.0580390539154 
-0.0527659242911 
-0.0369723889242 
-0.0369999993949 
-0.0317441996078 
-0.037052141932 
-0.052923885094 
-0.0264464837894 
-0.015866232369 
-0.0317547789695 
-0.0476582061038 
-0.0794489813404 
-0.0794632046176 
-0.0741903986941 
-0.0689452607336 
-0.0265396269198 
-0.00531594965037 
0.00531997447704 
-0.0159833947152 
0.0106620728539 
-1.5407553086e-46 
0.00534425540783 
-7.69463902866e-47 
-0.021387371668 
-0.0428496563558 
-0.0644398469562 
-0.0806321060481 
-0.0807374837889 
-0.0807600326332 
-0.0645927828105 
-0.0537929308173 
-0.048401447415 
-0.0430370478403 
-0.0376538054312 
-0.0322849426674 
-0.0484145447753 
-0.04300742834 
-0.0429728195328 
-0.0322304989328 
-0.0268668618988 
-0.0161279239139 
-0.00537801727953 
7.80709560384e-47 
0.0161596848977 
0.00538861759479 
0.0107773991831 
0.0269445397326 
0.0107818205714 
0.021573067443 
0.0107802921751 
-0.0215469145708 
-0.0430083195664 
-0.0697906882373 
-0.0965303085445 
-0.112588903678 
-0.10724017648 
-0.0911880739759 
-0.107345766188 
-0.0806530343992 
-0.0699938560214 
-0.0917772698776 
-0.0702620607972 
-0.0216436049469 
3.13709075935e-46 
0.0595969584218 
0.0758910037292 
0.0596397171465 
0.0758780950302 
0.0541457345691 
-0.0054105060733 
-0.0108100416605 
-0.0215811677825 
-0.0377404224792 
-0.0269454538981 
-0.0215272893299 
-0.00537545886645 
-0.0322338104295 
-0.0107396401097 
0.0107379031228 
0.00537087479261 
0.0161185091441 
-0.00537436413131 
0.0107511721786 
0.0376301418032 
0.0215023034953 
0.0375997195829 
-5.42247831619e-46 
0.0214627571485 
0.0107301895935 
-0.00536577311166 
0.0268360750843 
0.0107358613372 
0.0268535620048 
0.0322363879407 
0.0053746784028 
0.0268889551012 
0.0322996375098 
0.0215902731959 
0.0270239244382 
-0.0108127216363 
0.00540575288559 
-0.0108117820583 
-0.0432455321586 
0.0216393528267 
0.0378942930757 
0.0324885695158 
0.0650428525249 
0.032585740673 
0.0217800858781 
0.0163474118485 
-2.35735174665e-46 
0.0382867308748 
0.0383447882318 
0.0164460457452 
0.0329134699612 
0.0219532329936 
-0.0274538824332 
-0.00549422596138 
-0.0384817988964 
-0.0385081980649 
-0.0165208792638 
-0.0220476316741 
0.0110478338432 
0.0110710871126 
0.0110825069031 
-0.0277415399517 
-0.0555350206119 
-0.0833758899754 
-0.0612774710118 
-0.0334891106427 
-0.0335781827748 
-0.0223986009102 
-0.0112229495112 
-0.0168949163953 
2.44100260017e-46 
0.00564962137621 
-0.0113304038189 
-0.0170292872939 
-0.0454609749924 
-0.0284491157204 
-0.0227992619582 
-0.0285378048812 
-0.057111322906 
-0.0801897502867 
-0.0860002154344 
-0.120626242722 
-0.126622231656 
-0.0864108012469 
-0.0981739024789 
-0.0924770629967 
-0.0752006906952 
-0.0463575518823 
-0.0637812199173 
-0.0637894157769 
-0.0638258244492 
-0.0697589575441 
-0.0815407866013 
-0.104925388285 
-0.0817746457567 
-0.0584427083352 
-0.0526306652211 
-0.0350915759408 
0.0175411744957 
0.0292355957945 
0.0116974652439 
-0.00584731670119 
8.41448138421e-47 
-0.0234253440715 
-0.0293222399286 
0.0117371138993 
0.0234806108504 
0.0117529917725 
0.0235120893058 
0.0235263608331 
0.0352857863227 
0.00587786979749 
-0.0176347763204 
2.54771941313e-46 
-0.0117611717457 
-0.0176391374827 
0.00587603923495 
-0.0117469761869 
-0.0293575289767 
-0.0352207495844 
-0.0586577761422 
-0.0586526612238 
-0.0644974311753 
-0.0410634859623 
-0.00586740406012 
-0.0058686904389 
0.0234749030724 
0.0293552869358 
-0.0235133564534 
-0.0352661917898 
-0.0176280983251 
-0.0703842185815 
-0.11138912803 
-0.0644794102326 
-0.052745333186 
-0.0351292666159 
0.00584418821322 
0.0116787611933 
0.0116746954665 
0.0291614202091 
0.00582883856853 
-0.00582688984076 
8.45261839567e-47 
0.00580849016637 
0.00580342988202 
-0.00579981592445 
-0.0405957804574 
-0.0695619621083 
-0.115844288043 
-0.173584387383 
-0.196613209566 
-0.184930652001 
-0.132916859959 
-0.0923810337936 
-0.0576887226588 
-0.0173022974236 
0.00576614193585 
0.0230721003537 
0.0461330641329 
0.0633088616318 
0.0861411969891 
0.091583243438 
0.0572163297357 
-0.0114333751916 
-0.0113992047508 
-0.0227657350651 
-0.0227605506905 
0.0113764860126 
0.0569844189037 
0.0740947047772 
0.0627420581299 
0.0457448752403 
0.0457615351535 
-6.61968981278e-46 
-0.0343910843822 
-0.0859644189825 
-0.0915701410833 
-0.0743041499175 
-0.0799027341713 
-0.0285239548908 
0.0114105812244 
-0.00570798665455 
-0.0228567239659 
-0.0343012895596 
-0.0572360435369 
-0.051666585109 
-0.0517378704309 
-0.0403309547878 
-0.00577201591308 
0.0115573076562 
0.0231302210158 
0.0289190368527 
0.0289158159309 
0.00578059768757 
0.0231085032502 
0.0519510191088 
0.0750332169771 
0.132669048546 
0.138346170276 
0.103792664237 
0.0519416755016 
-0.00577553572082 
-0.0635641137841 
-0.0693829009314 
-0.0578279219177 
-0.0867251046252 
-0.0808352448065 
-0.0519512199395 
0.0230633213424 
0.0229908860485 
0.0401414141826 
0.0801923202634 
0.0514187766922 
0.0171276665684 
0.00570927053767 
-0.0171042450273 
-0.0170670248947 
-0.0170368424813 
-0.0397178325372 
-0.0056639865099 
0.0056558419771 
0.00565172096261 
0.00564302293475 
0.0169167355506 
0.00562649182045 
-0.0224851398865 
-0.0336837642875 
-0.0504856542704 
-0.050468085116 
-0.0392233027292 
-0.0391733532325 
-0.0447102043892 
-0.0836866901996 
-0.0612882679321 
-0.0777385742417 
-0.0831322768265 
-0.0773379438911 
-0.0883081079045 
-0.0439771660969 
-0.0384406954262 
-0.0602871680097 
-0.027301347755 
-0.00545115244369 
-0.0272320437152 
-0.0435516581179 
-0.0489874713593 
-0.0870036052944 
-0.0760908361664 
-0.032531446753 
-0.0270715083674 
-0.0054043884165 
0.0431595559053 
0.0323219368018 
0.0107613042956 
0.00537016690959 
-0.0160926815364 
-0.0482695524821 
-0.0642061208547 
-0.0427262257987 
-0.02127950344 
0.00531381680027 
0.0264639167959 
0.0158531608115 
0.00526818195572 
-0.0105206644959 
-0.0052552091199 
7.60526845867e-47 
0.0104788119886 
0.00522970573483 
-0.0104516600403 
-0.0313018729456 
-0.0573548854439 
-0.0833273416505 
-0.0936157358307 
-0.0935294533996 
-0.088183544423 
-0.0726038065926 
-0.0621740686887 
-0.0569400354829 
-0.0465852769511 
-0.041436008869 
-0.0414521901656 
-0.041436551875 
-0.0362505934241 
-0.0362574706944 
-0.0310648881048 
