-0.3175 
-0.32 
-0.3225 
-0.325 
-0.3275 
-0.3125 
-0.1575 
-0.085 
-0.0225 
0.0075 
0.0325 
0.0325 
0.02 
0.0375 
0.0475 
0.055 
0.0775 
0.085 
0.09 
0.0825 
0.075 
0.065 
0.045 
0.035 
0.0325 
0.0275 
0.02 
0.015 
0.0075 
0.0 
-0.0025 
-0.0075 
-0.0075 
-0.0075 
-0.0075 
-0.005 
-0.005 
-0.005 
-0.0025 
-0.0025 
0.0 
-0.0025 
-0.0025 
0.0075 
0.0175 
0.0325 
0.045 
0.0425 
0.03 
0.02 
0.0125 
-0.0025 
-0.005 
0.005 
0.0125 
0.035 
0.0425 
0.0525 
0.035 
0.02 
0.0025 
-0.0175 
-0.025 
-0.015 
-0.0025 
0.0175 
0.025 
0.0225 
0.015 
0.0 
-0.005 
0.005 
0.015 
0.0225 
0.0225 
0.02 
0.0175 
0.025 
0.0275 
0.02 
0.0175 
0.0075 
-0.0025 
-0.0125 
-0.0175 
-0.0175 
-0.015 
-0.015 
-0.0125 
-0.0125 
-0.015 
-0.0125 
-0.0125 
-0.0125 
-0.0125 
-0.015 
-0.0125 
-0.0075 
-0.0025 
0.0025 
0.005 
0.0075 
0.005 
0.0075 
0.015 
0.0125 
0.025 
0.0325 
0.045 
0.0525 
0.065 
0.0625 
0.0575 
0.055 
0.0625 
0.0475 
0.0325 
0.015 
0.005 
0.005 
0.0 
0.02 
0.0475 
0.0525 
0.045 
0.0475 
0.045 
0.025 
0.0125 
0.015 
0.0175 
0.03 
0.0275 
0.02 
0.0325 
0.015 
0.0125 
0.0 
-0.01 
0.0 
-0.015 
-0.0225 
-0.0025 
-0.005 
-0.015 
-0.005 
-0.0175 
-0.0275 
-0.01 
-0.005 
-0.0025 
0.015 
0.0175 
0.0325 
0.0425 
0.045 
0.0275 
0.02 
0.01 
0.005 
0.0175 
0.015 
0.015 
0.015 
0.015 
0.01 
0.0125 
0.0075 
-0.0125 
-0.01 
-0.0075 
-0.0075 
0.0 
0.01 
0.0075 
-0.005 
-0.0075 
-0.015 
-0.03 
-0.015 
-0.02 
-0.01 
-0.025 
-0.02 
-0.0175 
-0.0325 
-0.0275 
-0.015 
-0.005 
0.005 
0.0125 
0.015 
0.0175 
0.015 
0.025 
0.03 
0.025 
0.0275 
0.03 
0.03 
0.0225 
0.02 
0.0275 
0.0175 
0.025 
0.0225 
0.03 
0.035 
0.035 
0.04 
0.04 
0.04 
0.035 
0.0225 
0.0175 
0.0175 
0.02 
0.02 
0.0225 
0.02 
0.025 
0.03 
0.04 
0.0375 
0.0375 
0.04 
0.03 
0.0225 
0.02 
0.015 
0.0225 
0.0225 
0.0325 
0.0275 
0.0275 
0.0175 
0.015 
0.0075 
0.0025 
0.0025 
0.0075 
0.0075 
0.005 
0.005 
0.015 
0.0125 
0.01 
0.0175 
-0.005 
0.01 
0.01 
0.0125 
0.0275 
0.0375 
0.035 
0.005 
-0.03 
-0.025 
-0.025 
0.0125 
-0.025 
0.0125 
0.0375 
0.0425 
0.06 
0.035 
0.0725 
0.0525 
0.045 
0.05 
0.05 
0.0375 
0.0475 
0.05 
0.0425 
0.03 
0.0225 
0.015 
0.0025 
-0.005 
0.01 
-0.0025 
-0.005 
-0.005 
0.0125 
0.0175 
0.0275 
0.025 
0.025 
0.02 
0.0 
0.0025 
0.0075 
0.01 
0.025 
0.0425 
0.0575 
0.0675 
0.07 
0.065 
0.06 
0.05 
0.0375 
0.0325 
0.03 
0.0325 
0.03 
0.0325 
0.0325 
0.035 
0.0275 
0.015 
0.005 
-0.0025 
-0.01 
-0.01 
-0.0075 
-0.005 
-0.0025 
0.0025 
0.0 
0.0025 
0.0 
-0.005 
-0.005 
-0.0075 
-0.0075 
-0.0075 
-0.0225 
-0.0275 
-0.045 
-0.0425 
-0.04 
-0.025 
-0.02 
-0.0125 
0.0 
0.005 
0.01 
0.0125 
0.0125 
0.0125 
0.01 
0.0125 
0.0125 
0.0125 
0.0125 
0.0125 
0.01 
0.0075 
0.0 
-0.0025 
-0.005 
-0.0075 
-0.0075 
-0.0075 
-0.01 
-0.01 
-0.0125 
-0.015 
-0.0175 
-0.0175 
-0.0175 
-0.0175 
-0.0175 
-0.015 
-0.0275 
-0.0425 
-0.05 
-0.06 
-0.0475 
-0.0425 
-0.0275 
-0.0075 
-0.0025 
0.0 
0.01 
0.01 
0.005 
0.0 
-0.005 
-0.0075 
-0.0075 
-0.005 
-0.0025 
0.0 
0.0 
-0.0025 
-0.005 
-0.01 
-0.015 
-0.0175 
-0.015 
-0.0125 
-0.01 
-0.0075 
-0.0075 
-0.0075 
-0.01 
-0.01 
-0.0125 
-0.01 
-0.0075 
-0.0075 
-0.005 
-0.0075 
-0.0075 
-0.0075 
-0.0075 
-0.01 
-0.01 
-0.01 
0.0 
0.0125 
0.0225 
0.0425 
0.0425 
0.035 
0.025 
0.0125 
-0.0025 
-0.02 
-0.0275 
-0.03 
-0.025 
-0.02 
-0.015 
-0.0125 
-0.0125 
-0.01 
0.0025 
0.0025 
0.0125 
0.015 
0.0125 
0.01 
0.0075 
0.0 
0.0125 
0.015 
0.025 
0.05 
0.0525 
0.075 
0.065 
0.06 
0.0525 
0.04 
0.0375 
0.0325 
0.0825 
0.0975 
0.1625 
0.205 
0.2425 
0.2625 
0.245 
0.2125 
0.18 
0.1525 
0.135 
0.1175 
0.09 
0.0725 
0.0725 
0.075 
0.0675 
0.0775 
0.0625 
0.005 
-0.0075 
-0.01 
-0.02 
0.03 
0.0975 
0.1475 
0.165 
0.1725 
0.17 
0.165 
0.12 
0.0875 
0.075 
0.0625 
0.08 
0.0925 
0.1 
0.1075 
0.0925 
0.0725 
0.06 
0.045 
0.0375 
0.0275 
0.0325 
0.025 
0.005 
-0.005 
-0.025 
-0.025 
-0.0125 
0.0025 
0.01 
0.0175 
0.0275 
0.025 
0.025 
0.0275 
0.025 
0.0275 
0.0275 
0.015 
0.015 
0.0125 
0.015 
0.02 
0.0225 
0.0225 
0.015 
0.01 
0.005 
0.005 
0.0125 
0.0175 
0.0225 
0.0275 
0.025 
0.02 
0.015 
0.01 
0.0075 
0.005 
0.005 
0.005 
0.015 
0.025 
0.0375 
0.0475 
0.0475 
0.035 
0.0225 
0.0125 
0.0075 
0.01 
0.0075 
0.005 
0.005 
0.005 
0.005 
0.0125 
0.0125 
0.015 
0.02 
0.015 
0.01 
0.0025 
0.0 
0.01 
0.0175 
0.03 
0.04 
0.0425 
0.035 
0.03 
0.02 
0.015 
0.015 
0.0225 
0.03 
0.035 
0.04 
0.04 
0.0375 
0.045 
0.0475 
0.035 
0.025 
0.0175 
0.0175 
0.025 
0.0225 
0.0225 
0.0225 
0.0275 
0.0275 
0.035 
0.0375 
0.0325 
0.0275 
0.0225 
0.0225 
0.025 
0.03 
0.03 
0.03 
0.025 
0.0225 
0.025 
0.02 
0.0325 
0.0525 
0.0525 
0.0425 
0.0375 
0.02 
0.02 
0.025 
0.0325 
0.0525 
0.0675 
0.0775 
0.0775 
0.075 
0.075 
0.0475 
0.05 
0.04 
0.03 
0.0325 
0.03 
0.0275 
0.02 
0.015 
0.0 
0.0 
-0.005 
-0.015 
-0.015 
-0.005 
-0.015 
0.0 
0.0025 
0.005 
-0.005 
-0.0025 
-0.0125 
-0.0175 
-0.0125 
-0.0025 
0.0 
0.0 
0.01 
0.0 
-0.0075 
-0.025 
-0.035 
-0.0475 
-0.055 
-0.06 
0.0975 
-0.11 
-0.125 
-0.165 
-0.2175 
0.0025 
0.065 
0.2025 
0.2225 
0.2 
0.155 
0.0625 
0.2025 
0.0625 
0.0075 
-0.0275 
-0.0525 
-0.03 
-0.0225 
-0.01 
-0.0075 
0.0275 
0.0275 
0.0275 
0.01 
-0.0075 
-0.0475 
-0.065 
-0.065 
-0.0575 
-0.035 
-0.01 
0.0075 
0.0125 
0.0125 
-0.01 
-0.0175 
-0.02 
-0.035 
-0.0275 
-0.015 
0.0 
0.0075 
0.02 
0.02 
0.0125 
0.005 
-0.005 
-0.0125 
-0.02 
-0.0275 
-0.02 
-0.0175 
-0.0075 
-0.0025 
-0.0025 
-0.0025 
0.0 
-0.0125 
-0.0275 
-0.045 
-0.0625 
-0.0725 
-0.0525 
-0.0675 
-0.0475 
-0.035 
-0.03 
-0.0375 
-0.045 
-0.0375 
-0.0525 
-0.055 
-0.055 
-0.0575 
-0.0475 
-0.045 
-0.04 
-0.04 
-0.055 
-0.075 
-0.0825 
-0.0975 
-0.105 
-0.11 
-0.1 
-0.095 
-0.09 
-0.0825 
-0.0825 
-0.0675 
-0.0625 
-0.0625 
-0.07 
-0.0675 
-0.05 
-0.0375 
-0.02 
-0.015 
-0.0175 
-0.015 
-0.0175 
-0.0225 
-0.03 
-0.04 
-0.035 
-0.0175 
-0.01 
-0.0025 
-0.0025 
-0.01 
-0.01 
-0.025 
-0.0225 
-0.015 
-0.015 
0.0025 
0.02 
0.02 
0.025 
0.0275 
0.02 
0.0175 
0.0125 
-0.005 
-0.0175 
-0.03 
-0.035 
-0.03 
-0.025 
-0.02 
-0.0225 
-0.02 
-0.02 
-0.035 
-0.0375 
-0.04 
-0.045 
-0.045 
-0.0575 
-0.065 
-0.0475 
-0.05 
-0.04 
-0.0425 
-0.03 
-0.0225 
-0.0225 
-0.0225 
-0.02 
-0.02 
-0.0175 
0.0025 
0.0075 
0.0075 
0.0175 
0.0175 
0.01 
0.01 
-0.01 
-0.0175 
-0.0175 
-0.025 
-0.0175 
0.0125 
0.02 
0.0425 
0.0925 
-0.01 
-0.0225 
-0.04 
-0.04 
-0.0125 
0.0275 
0.045 
0.045 
0.04 
0.015 
-0.005 
-0.025 
-0.025 
-0.05 
-0.0475 
-0.045 
-0.03 
-0.02 
-0.0325 
0.0 
-0.0075 
-0.015 
-0.0175 
-0.0275 
-0.03 
-0.0325 
-0.03 
-0.02 
-0.015 
-0.0075 
-0.0075 
-0.0075 
-0.0075 
-0.0075 
-0.0075 
-0.0025 
-0.0025 
0.0 
0.0025 
0.0025 
0.0025 
0.0025 
0.0025 
0.0025 
-0.0025 
-0.02 
-0.0325 
-0.04 
-0.045 
-0.04 
-0.0275 
-0.0075 
0.0075 
0.01 
-0.0025 
-0.015 
-0.025 
-0.0475 
-0.055 
-0.0425 
-0.0425 
-0.04 
-0.02 
-0.0175 
-0.0175 
-0.0125 
-0.0375 
-0.0425 
-0.0375 
-0.045 
-0.05 
-0.045 
-0.045 
-0.05 
-0.055 
-0.06 
-0.0625 
-0.06 
-0.0625 
-0.0525 
-0.05 
-0.045 
-0.045 
-0.0525 
-0.05 
-0.0425 
-0.0325 
-0.0225 
-0.0175 
-0.0175 
-0.02 
-0.0225 
-0.02 
-0.025 
-0.0275 
-0.02 
-0.0225 
-0.0225 
-0.0175 
-0.015 
-0.02 
-0.0175 
-0.0175 
-0.015 
-0.02 
-0.0175 
-0.01 
0.0 
0.005 
0.005 
0.0025 
0.0 
-0.005 
-0.0025 
-0.005 
-0.01 
-0.0175 
-0.015 
-0.0175 
-0.0275 
-0.015 
-0.005 
-0.0025 
-0.0025 
0.0025 
-0.0025 
-0.015 
-0.02 
-0.02 
-0.0175 
-0.015 
-0.005 
0.0075 
-0.0025 
-0.005 
-0.03 
-0.055 
-0.075 
-0.075 
-0.06 
-0.06 
-0.065 
-0.065 
-0.065 
-0.07 
-0.075 
-0.0825 
-0.0825 
-0.0775 
-0.0675 
-0.0525 
-0.0375 
-0.0275 
-0.0175 
-0.02 
-0.02 
-0.0225 
-0.02 
-0.0125 
-0.01 
-0.0225 
-0.03 
-0.0325 
-0.03 
-0.02 
-0.0025 
0.005 
0.0175 
0.0225 
0.0225 
0.0125 
0.0125 
0.0075 
0.0075 
0.0125 
0.015 
0.02 
0.0225 
0.0225 
0.02 
0.01 
0.0025 
-0.0075 
-0.015 
-0.0125 
-0.01 
-0.0025 
0.0075 
0.01 
0.01 
0.0125 
0.01 
0.0075 
-0.0075 
-0.03 
-0.035 
-0.0325 
-0.0225 
-0.015 
-0.0125 
-0.0125 
-0.0175 
-0.0225 
-0.03 
-0.0275 
-0.0125 
0.0075 
0.0225 
0.035 
0.0475 
0.0425 
0.0125 
-0.0025 
-0.005 
0.0025 
0.0125 
0.0225 
0.0275 
0.0325 
0.035 
0.0275 
0.015 
-0.005 
-0.0075 
-0.0025 
0.0 
0.025 
0.0375 
0.05 
0.0425 
0.03 
0.0175 
-0.01 
-0.0225 
-0.0325 
-0.0275 
-0.03 
-0.0325 
-0.03 
-0.04 
-0.055 
-0.0625 
-0.07 
-0.0775 
-0.07 
-0.055 
-0.045 
-0.03 
-0.0175 
-0.02 
-0.0175 
-0.0275 
-0.0175 
-0.0125 
0.0 
0.005 
0.0125 
0.03 
0.0275 
0.04 
0.0525 
0.07 
0.08 
0.0975 
0.0975 
0.0925 
0.0875 
0.09 
0.0725 
0.0625 
0.0675 
0.065 
0.07 
0.0825 
0.0925 
0.0875 
0.08 
0.0675 
0.065 
0.0575 
0.05 
0.05 
0.0675 
0.085 
0.0925 
0.11 
0.105 
0.0925 
0.0825 
0.0625 
0.05 
0.035 
0.04 
0.0475 
0.0575 
0.06 
0.065 
0.0625 
0.065 
0.0675 
0.0525 
0.05 
0.055 
0.07 
0.0725 
0.1 
0.11 
0.115 
0.1375 
0.145 
0.15 
0.15 
0.1425 
0.1375 
0.12 
0.105 
0.0975 
0.08 
0.0475 
0.04 
0.04 
0.035 
0.05 
0.0375 
0.03 
0.0275 
0.01 
-0.005 
-0.0125 
-0.0175 
-0.0175 
-0.0175 
-0.0125 
-0.01 
-0.0125 
-0.0125 
-0.015 
-0.02 
-0.0225 
-0.025 
-0.0225 
-0.0075 
0.0125 
0.035 
0.045 
0.04 
0.0225 
0.015 
-0.01 
-0.03 
-0.035 
-0.0375 
-0.035 
-0.02 
-0.01 
-0.0025 
0.0 
-0.005 
-0.015 
-0.025 
-0.0325 
-0.0325 
-0.0275 
-0.0225 
-0.0125 
-0.0075 
-0.005 
0.005 
0.0275 
0.045 
0.055 
0.0575 
0.0525 
0.0325 
0.02 
0.025 
0.025 
0.0375 
0.0525 
0.065 
0.0725 
0.07 
0.055 
0.045 
0.0225 
0.025 
0.0225 
0.0225 
0.0325 
0.045 
0.0475 
0.0575 
0.0575 
0.05 
0.0425 
0.0325 
0.015 
0.0125 
0.0225 
0.0375 
0.04 
0.045 
0.05 
0.03 
-0.025 
-0.0125 
-0.0275 
-0.04 
-0.03 
-0.035 
-0.0225 
-0.1725 
0.1175 
0.0925 
-0.0675 
0.0975 
0.0225 
0.4575 
0.2125 
0.105 
-0.04 
-0.0575 
-0.0675 
-0.0625 
-0.015 
0.0225 
0.0175 
0.0325 
0.0325 
-0.015 
-0.0425 
-0.0725 
-0.075 
-0.07 
-0.045 
-0.0125 
0.0 
0.0275 
0.025 
0.0175 
0.0175 
0.0275 
0.025 
0.0225 
0.035 
0.0475 
0.055 
0.05 
0.055 
0.055 
0.0625 
0.0625 
0.0525 
0.06 
0.0575 
0.07 
0.06 
0.055 
0.0525 
0.045 
0.0325 
0.0275 
0.025 
0.0175 
0.0175 
0.015 
0.0175 
0.025 
0.0125 
0.0075 
0.015 
0.0225 
0.0375 
0.0375 
0.035 
0.0325 
0.0125 
0.0025 
-0.0025 
0.0075 
-0.005 
0.0 
-0.0025 
0.0 
0.01 
0.02 
0.03 
0.0375 
0.0375 
0.0375 
0.03 
0.025 
0.0225 
0.02 
0.0175 
0.015 
0.0225 
0.02 
0.02 
0.015 
0.0125 
0.0075 
0.0025 
0.0 
-0.0075 
-0.0025 
-0.005 
-0.0125 
-0.005 
-0.01 
-0.005 
0.01 
0.02 
0.0325 
0.045 
0.0525 
0.05 
0.0425 
0.05 
0.0375 
0.0325 
0.0425 
0.0325 
0.01 
0.0 
-0.0275 
-0.035 
-0.0275 
-0.035 
-0.025 
0.0025 
0.005 
0.01 
0.0175 
0.0125 
0.01 
0.0025 
0.015 
0.005 
-0.005 
-0.0025 
-0.0075 
0.0025 
-0.005 
-0.0175 
-0.01 
-0.0175 
0.0 
-0.01 
-0.005 
0.0025 
-0.0125 
-0.005 
-0.0125 
-0.015 
-0.0025 
-0.0125 
-0.015 
-0.01 
-0.0125 
0.005 
-0.0025 
0.005 
0.02 
-0.01 
-0.0175 
-0.015 
-0.03 
-0.015 
-0.01 
-0.0075 
0.0 
-0.0175 
-0.0175 
-0.0075 
-0.015 
-0.01 
0.0125 
0.0025 
0.0175 
0.0175 
0.0075 
0.01 
-0.005 
-0.005 
-0.005 
0.0125 
0.025 
0.0375 
0.0275 
0.015 
0.015 
0.01 
0.005 
0.0075 
0.0 
-0.0025 
0.005 
0.0075 
0.02 
0.0125 
0.01 
0.0125 
0.025 
0.035 
0.0375 
0.0525 
0.055 
0.0375 
0.0425 
0.04 
0.0325 
0.02 
0.0275 
0.0275 
0.0275 
0.03 
0.035 
0.045 
0.035 
0.025 
0.0225 
0.015 
-0.0075 
-0.0125 
-0.005 
0.0025 
0.0 
0.01 
0.0125 
-0.005 
-0.01 
-0.005 
-0.01 
-0.01 
-0.015 
-0.0025 
0.0075 
0.0 
0.005 
0.0075 
-0.0025 
0.005 
0.0125 
0.015 
0.025 
0.025 
0.0275 
0.0175 
0.0025 
0.0025 
-0.01 
-0.0125 
0.01 
0.015 
0.0075 
0.03 
0.0475 
0.0275 
0.0225 
0.015 
-0.0025 
-0.005 
-0.005 
-0.0125 
-0.0025 
0.0025 
0.0 
-0.0025 
-0.0025 
0.0025 
0.0175 
0.03 
0.05 
0.075 
0.085 
0.08 
0.0575 
0.04 
0.025 
0.0075 
-0.0025 
-0.01 
-0.02 
-0.0275 
-0.0375 
-0.04 
-0.025 
0.005 
0.005 
0.01 
0.01 
-0.005 
-0.025 
-0.0325 
-0.0275 
-0.02 
-0.02 
0.0 
0.015 
0.0375 
0.04 
0.0325 
0.035 
0.0125 
-0.005 
0.0025 
0.01 
0.015 
0.025 
0.0225 
0.0225 
0.0175 
0.0025 
-0.005 
-0.01 
-0.0125 
-0.0125 
-0.0025 
-0.01 
-0.0225 
-0.0325 
-0.0575 
-0.06 
-0.045 
-0.0225 
0.0025 
0.0275 
0.03 
0.025 
0.0375 
0.035 
0.0225 
-0.01 
-0.01 
-0.0175 
-0.035 
-0.0225 
-0.0075 
-0.0025 
0.0075 
0.0075 
0.0075 
0.0175 
0.0025 
-0.0025 
-0.0025 
-0.0025 
-0.0075 
-0.0025 
0.01 
0.015 
0.0225 
0.0225 
0.0175 
0.0175 
0.02 
0.0375 
0.0275 
0.035 
0.0375 
0.035 
0.04 
0.02 
0.0175 
0.0275 
0.0125 
0.0025 
0.0125 
0.02 
0.0225 
0.04 
0.035 
0.015 
0.0125 
0.0025 
-0.02 
-0.015 
-0.005 
-0.0025 
0.0075 
0.0225 
0.03 
0.02 
0.01 
-0.0025 
-0.0125 
-0.0075 
-0.0025 
0.005 
0.0025 
0.0 
-0.005 
-0.0025 
0.005 
0.015 
0.0275 
0.04 
0.045 
0.045 
0.0425 
0.035 
0.03 
0.0275 
0.0225 
0.02 
0.02 
0.02 
0.0175 
0.0175 
0.015 
