0.109746165871 
0.111018568947 
0.112313835699 
0.125427414867 
0.0568595287277 
0.0120160970838 
-0.0120472519601 
-0.0422417885751 
-0.0136147301219 
0.00303906278683 
0.00913663713962 
0.0290294657932 
-0.229009980502 
-0.361311116032 
-0.485945215615 
-0.0615847841913 
0.135005780149 
0.373787978167 
-0.0372590479443 
0.204720220669 
0.206528803902 
0.213829998156 
-0.442586377704 
0.341417358728 
0.151391551339 
0.0584911494727 
0.111314040713 
-0.184695863243 
-0.188015746012 
0.0753570233391 
0.307634291305 
0.313268309366 
0.303484409022 
0.439762476933 
0.424317428552 
-0.0567390065957 
0.175668840492 
0.00159908375517 
0.155294937072 
0.346691510312 
0.371404020958 
0.31796713628 
-0.620862353366 
-0.0756087184968 
-0.141650137155 
-0.0131540421238 
0.0461897006571 
0.0796005973181 
0.0485349390127 
0.0368318831573 
0.00842874188789 
-0.0408895550508 
-0.0634311995633 
-0.0708051713006 
-0.0628091421992 
-0.0385172679639 
-0.0229609896238 
-0.00534193232217 
-0.00717245170939 
-0.0162441885619 
-0.030897901401 
-0.0475145185631 
-0.0569855144948 
-0.0609608729259 
-0.059352123342 
-0.0466220847099 
-0.0336801705047 
-0.0244873025208 
-0.0264284549192 
-0.0379049909536 
-0.0417805394348 
