-0.332494348576 
-0.322762936079 
-0.325462209535 
-0.346406348548 
-0.182164989393 
-0.0384968403151 
0.0385966534482 
0.135333076793 
0.0436184967364 
-0.00973646550921 
-0.0292717059897 
-0.0930038015902 
0.529342039437 
0.836807866127 
1.15340923252 
0.197303632478 
-0.379490612505 
-0.723733208365 
0.119369509833 
-0.488238719562 
-0.451706896032 
-0.463744911401 
0.830834892284 
-0.80230964985 
-0.355107480017 
-0.18739233092 
-0.322209908632 
0.431291590582 
0.482885281121 
-0.241426752287 
-0.630592447281 
-0.595854110554 
-0.58543805359 
-0.8069880798 
-0.756592099401 
0.181778863912 
-0.441023714465 
-0.00512310041635 
-0.397248529213 
-0.672273214794 
-0.681401162886 
-0.600991420875 
1.14750260924 
0.242233126288 
0.384275354508 
0.0421425572383 
-0.147981288599 
-0.255022197521 
-0.155494898538 
-0.118000971074 
-0.0270037707129 
0.131000828336 
0.203219127105 
0.22684365431 
0.201226196884 
0.123400560418 
0.0735617850671 
0.0171143353908 
0.0229789028998 
0.0520426831403 
0.0989898440407 
0.152225703655 
0.182568619118 
0.19530476278 
0.190150695248 
0.149366548698 
0.107903601033 
0.0784517442157 
0.0846707547135 
0.121438964225 
0.133855339523 
