0.1825 
0.185 
0.1875 
0.21 
0.095 
0.02 
-0.02 
-0.07 
-0.0225 
0.005 
0.015 
0.0475 
-0.38 
-0.6125 
-0.855 
-0.1 
0.22 
0.6325 
-0.06 
0.3375 
0.34 
0.3525 
-0.7675 
0.575 
0.2475 
0.095 
0.1825 
-0.305 
-0.31 
0.1225 
0.515 
0.52 
0.5025 
0.7525 
0.72 
-0.09 
0.2775 
0.0025 
0.245 
0.5625 
0.6025 
0.5075 
-1.095 
-0.115 
-0.215 
-0.02 
0.07 
0.12 
0.0725 
0.055 
0.0125 
-0.06 
-0.0925 
-0.1025 
-0.09 
-0.055 
-0.0325 
-0.0075 
-0.01 
-0.0225 
-0.0425 
-0.065 
-0.0775 
-0.0825 
-0.08 
-0.0625 
-0.045 
-0.0325 
-0.035 
-0.05 
-0.055 
