-0.0539108954322 
-0.050846681227 
-0.0493074561693 
-0.046310576003 
-0.0448044434703 
-0.0172889821659 
0.00288485595705 
0.00289291125387 
0.00290632433555 
0.0 
-0.0132234877557 
-0.01621712937 
-0.0133087468078 
-0.00891174477376 
-0.00298950148146 
0.00749360539058 
0.0150506347198 
0.0196316407337 
0.0227063551418 
0.0243185838216 
0.0244404069574 
0.0244674458754 
0.0260920839789 
0.0276685419619 
0.0277081203974 
0.0293551561159 
0.0278109665403 
0.0278671448598 
0.0263558198369 
0.0232801552808 
0.0217538247514 
0.0186678123812 
0.0171287589863 
0.0140376221947 
0.0124917317933 
0.00781419634911 
0.00625717701131 
0.00469535312368 
0.00313051874225 
0.00156596904453 
-0.00156836045722 
-0.00313957250052 
-0.00471197974331 
-0.00628569024896 
-0.00785678851251 
-0.00785749617285 
-0.00943256136156 
-0.0031484766944 
0.00315159215275 
0.0126268982849 
0.017380558364 
0.014230279013 
0.011080700857 
0.00633325082058 
0.00633712088153 
0.00316905813698 
0.00316977374913 
0.00475798078373 
0.00793426991765 
0.0158926248788 
0.0238664148117 
0.0222863186072 
0.0143451467874 
0.00638387981377 
-0.00159753941395 
-0.00799549663799 
-0.00960629275528 
-0.00800888379717 
-0.00160324984837 
-0.0016049561962 
-0.00642096958406 
-0.0112405982508 
-0.0176587688259 
-0.0144519441163 
-0.00803162124463 
-0.00160680035881 
0.0 
-0.00321568195526 
-0.00803965235185 
-0.00643664516069 
0.00160952101189 
0.00644055067874 
0.00483257714663 
0.00322201367316 
-0.00161050476674 
-0.00804996814314 
-0.0128839488166 
-0.0161268022428 
-0.0193559948894 
-0.0209814365091 
-0.0226136206552 
-0.0242345442167 
-0.0242411259541 
-0.0258553818545 
-0.0274513149958 
-0.0274516932619 
-0.0258466406165 
-0.0258443318457 
-0.0258413410086 
-0.0274797139022 
-0.0258697470385 
-0.0274985922248 
-0.0259259837563 
-0.02432839751 
-0.0211097328296 
-0.00975142563627 
-0.00812953144257 
-0.00813036410476 
0.00488152155405 
0.0162829866056 
0.0211963870686 
0.030998906848 
0.0375370435533 
0.0392284199005 
0.0490824945911 
0.0426364188823 
0.0410574597677 
0.0410704011525 
0.0328783220438 
0.0378333852541 
0.0411758876837 
0.0511036759667 
0.0495149377912 
0.0544747087894 
0.0627610423151 
0.0629022094565 
0.0580221917293 
0.0548552083213 
0.0599203878053 
0.0533564862588 
0.0568436029758 
0.0536132533951 
0.0520091003933 
0.0453667443213 
0.0420544998224 
0.0370790775417 
0.0236334100217 
0.0219893239741 
0.0220128647831 
0.0118766332194 
0.00849088115308 
-0.00509707151835 
-0.00339831346485 
-0.0050965950306 
-0.00679040427542 
-0.00848389261031 
0.0 
0.00678806737296 
0.0169689004532 
0.00848711032073 
0.0118828442706 
0.0101849894592 
0.0135776437965 
0.0169700235517 
0.0101745199482 
0.0135353419415 
0.0169121284239 
0.0152060784282 
0.0185641534344 
0.00674739212799 
0.0118006324456 
0.0134825196337 
0.0168434086261 
0.0201658688666 
0.0201429953563 
0.0201086576961 
0.0167114394587 
0.0100154980762 
0.00999270008656 
0.00664818977019 
0.00497031880262 
0.00496746033121 
0.0132329595872 
0.0 
-0.00164781578429 
0.00329352750537 
-0.00821433200086 
-0.00655571405821 
-0.00490561799494 
0.0 
0.00326218982191 
0.00814878228263 
0.0113825778666 
0.0129754217723 
0.016188901345 
0.0161429808866 
0.0193207476235 
0.0225246605064 
0.0305279373768 
0.0352630630818 
0.0320267680444 
0.0351642530475 
0.0367333932961 
0.0367016809622 
0.0351026799278 
0.0383039625652 
0.0415085250153 
0.0367493021978 
0.0415967337189 
0.0433002273606 
0.0416984092356 
0.0497688820998 
0.0514063539924 
0.0530294814431 
0.0562471206854 
0.0578664641165 
0.0562830230292 
0.0530858642309 
0.0499066933632 
0.0435557650679 
0.043609420411 
0.0404146555556 
0.0404571050259 
0.0388776649131 
0.0373028243641 
0.0357441979706 
0.0357915415896 
0.0358438338822 
0.0407758654649 
0.0392447206724 
0.0360316686206 
0.0377598209791 
0.0329125791893 
0.0280099251 
0.023121034941 
0.0215045629963 
0.0232202565903 
0.0232524642836 
0.0266097451622 
0.0249850204426 
0.0283584099453 
0.0250346859327 
0.0217158810561 
0.0234190629286 
0.0167463896754 
0.013429164188 
0.0100828219452 
0.00673520624339 
0.00673785160308 
0.00674136843963 
0.0084298043565 
0.00674356270303 
0.00168511659535 
0.00168476353725 
0.00505345178973 
0.00505065221052 
0.00168292334582 
0.00336507807884 
0.00336484510376 
0.0168271099662 
0.00841578819881 
0.0117767875742 
0.0117702272775 
0.0100849148921 
0.0117641522144 
0.00840197138821 
0.00840596274148 
0.0151482000356 
0.0185236106764 
0.0134951315669 
0.00506717067709 
-0.023709669291 
-0.0220301445529 
-0.0220735379292 
-0.0186912862066 
-0.0119004253255 
0.00680547637187 
-0.0238301561212 
-0.015325587001 
-0.0153220291068 
-0.0136171466798 
-0.00170272137714 
0.00851803876185 
0.0153496747789 
0.0255823213463 
0.0324234112189 
0.0324271963793 
0.034120291838 
0.0375186693955 
0.0289989226412 
0.0341192652748 
0.0324175202601 
0.0409432172134 
0.0443463597591 
0.0375331390774 
0.0341894521015 
0.0273761650423 
0.0256801294539 
0.022259362975 
0.0256827223871 
0.0291213226932 
0.0222753613697 
0.0222795620739 
0.020570665205 
0.0257084284711 
0.0308429168971 
0.0291349529042 
0.0222888500126 
0.0240039015347 
0.0257150532297 
0.0154387575928 
0.0171636650487 
0.0240430326892 
0.0275231752102 
0.0240972432755 
0.0327391520881 
0.0414451861094 
0.0484477754769 
0.0571175864099 
0.0607395663611 
0.0625078748027 
0.0677682901277 
0.0696723776677 
0.0680068817238 
0.0681609817002 
0.0682242103282 
0.0682417042987 
0.0682348318172 
0.0699825086115 
0.0700747834292 
0.0700747834292 
0.0700908001019 
0.0683621540768 
0.064882958461 
0.0631422008924 
0.0561693518442 
0.0526895039973 
0.047488303892 
0.0422470472103 
0.0369913346798 
0.0335056209066 
0.02823108832 
0.0247162883635 
0.0229653213556 
0.0194440253057 
0.0159217727913 
0.0123908764245 
0.0106119376183 
0.00707049177817 
0.00353307805597 
0.00176541954447 
-0.00352998831455 
-0.00705755559489 
-0.0211645077515 
-0.0264421222301 
-0.0387300417438 
-0.0440028557469 
-0.0440170954703 
-0.0475474484776 
-0.0405155303643 
-0.0422866423422 
-0.042276468661 
-0.0352247260012 
-0.0299552311835 
-0.0246882303319 
-0.0194275230324 
-0.0159151747162 
-0.0123888186071 
-0.00884927707782 
-0.00353615562134 
0.00176688239373 
0.00529688657707 
0.0088269898387 
0.0105974424791 
0.0123652079448 
0.0141245482729 
0.0158720644707 
0.0158484368628 
0.0158308186926 
0.0158233366903 
0.0175842379133 
0.0175767076991 
0.0175759947998 
0.0193226014589 
0.017546091945 
0.0175382805068 
0.0175137265966 
0.0157658843792 
0.0122629945656 
0.00875863208115 
0.00525391357632 
-0.00175099642421 
-0.0227551510388 
-0.0262264178946 
-0.034951936142 
-0.0454322183402 
-0.0401871044992 
-0.0366898819974 
-0.0331758205306 
-0.0296082996456 
-0.0260990318264 
-0.0225878439514 
-0.0225559657604 
-0.0190658263315 
-0.0190392034359 
-0.0155721788797 
-0.0138447095578 
-0.0121204222095 
-0.0103893093211 
-0.00865707312623 
-0.00692792743739 
-0.00520493551883 
-0.0052103684862 
-0.00348298692221 
-0.00349096415811 
-0.00349251496035 
-0.00349674414454 
-0.00174943131741 
0.0 
0.0 
0.00175236722159 
0.00175265060283 
0.0 
0.00175503741914 
-0.00175721972689 
-0.00175901020434 
-0.00176068947009 
-0.001763954516 
-0.00353026967913 
-0.00176672059516 
-0.00353343284045 
-0.0035328402831 
-0.0035329441374 
-0.00353275756112 
0.00529248826027 
0.0158710702403 
0.0352511283886 
0.038741269018 
0.0387055457166 
0.0298812983252 
0.0228260650454 
0.015737202198 
0.0104833831478 
0.00523347337498 
-0.00173995965578 
-0.00521358515307 
-0.00693952369564 
-0.00866161965508 
-0.0121116417844 
-0.00691081162417 
0.00172473142377 
0.0 
-0.00343252676985 
-0.00514408742399 
-0.010273691393 
-0.0153842633803 
-0.0068194322936 
0.00680838554375 
0.0203975381763 
0.0237806800374 
0.0475206707161 
0.0509089752014 
0.0509112266852 
0.0542861848482 
0.0643959022699 
0.0896774133344 
0.129836377481 
0.181097904338 
0.226605702648 
0.25845873828 
0.261585344086 
0.255276280947 
0.237879623413 
0.220130646429 
0.205523725996 
0.203750939796 
0.189005061899 
0.184114324966 
0.184114324966 
0.190514901686 
0.195341970835 
0.187188261551 
0.165897875687 
0.154466485616 
0.129601923477 
0.0961703656561 
0.0675785126195 
0.047302131526 
0.0388030423309 
0.0303644264286 
0.0421358176369 
0.0656192497024 
0.0739338390016 
0.0755550231355 
0.073778492304 
0.0687504567759 
0.0670355104984 
0.0586276871437 
0.0484748541239 
0.0467311681659 
0.0399950994142 
0.0382552312514 
0.0382004685694 
0.0381542858868 
0.0364561330473 
0.0363852430113 
0.0314120497618 
0.0248002512314 
0.0181992476739 
0.0066195320409 
-0.00827511889013 
-0.0264831935867 
-0.0314487004302 
-0.0380678452334 
-0.0397365382872 
-0.0446967739511 
-0.046331471057 
-0.0446459530883 
-0.0429601137606 
-0.0395960071285 
-0.0395829818413 
-0.039580925345 
-0.0461951219668 
-0.0495229446032 
-0.0512409393695 
-0.0512869493288 
-0.0546289836015 
-0.0546675453588 
-0.0480836951082 
-0.0415364978252 
-0.0382975460611 
-0.0333522497858 
-0.0284287404873 
-0.0234417360365 
-0.0184486463881 
-0.0151131955945 
-0.00504084797401 
0.00504546693547 
0.0151641896091 
0.0168813399514 
0.0270365342578 
0.042288689597 
0.0406368940639 
0.0389559108207 
0.045739546889 
0.0610382118694 
0.0644649479347 
0.067927527877 
0.0713484508724 
0.0730741786823 
0.0900370185552 
0.098497230536 
0.101922141428 
0.110475740239 
0.117336415877 
0.125839862583 
0.127570700242 
0.132828075447 
0.134708534202 
0.134938638031 
0.138538157381 
0.143775962885 
0.145560333233 
0.152464283354 
0.14755666764 
0.140900390314 
0.139364103417 
0.13778470402 
0.132710631215 
0.122528495405 
0.119123345985 
0.112320507155 
0.107221103268 
0.0968273646103 
0.0933291661242 
0.0846853050357 
0.0846767631739 
0.0863439439016 
0.0759430904348 
0.072401768776 
0.0620409605784 
0.0636834667556 
0.0550528619524 
0.0635131438404 
0.0685338893382 
0.0530267434462 
0.0443852162988 
0.0324044433382 
0.0306526299818 
0.0340203839933 
0.04250823718 
0.0509654705536 
0.0576813783133 
0.0592967656869 
0.0575162413082 
0.0574662471715 
0.0506465798824 
0.0472352431477 
0.0454592003148 
0.0437082020738 
0.0402958328196 
0.0351923224169 
0.0351054903735 
0.0300607580197 
0.0216354156882 
0.019930760662 
0.0182568595787 
0.00994155200242 
0.00662526661853 
0.00496586730982 
0.0 
-0.0049548352326 
-0.00823774333193 
-0.0131619928823 
-0.0131433503355 
-0.0147688538032 
-0.0147551743459 
-0.0180169661183 
-0.0229056952436 
-0.0228929220624 
-0.027773351472 
-0.0342803613598 
-0.0407393882176 
-0.0504825404552 
-0.0553114113656 
-0.0585120209756 
-0.053643250019 
-0.0601137076156 
-0.0648966888942 
-0.0809248229907 
-0.0889370008009 
0.0178130249096 
0.0274837420966 
0.0290703586297 
0.0257899742176 
0.00482868754945 
-0.0241203768175 
0.00963188902968 
0.0144246696558 
0.0144173197999 
0.0271923619779 
0.0255632572518 
0.0255579330467 
0.0239545225388 
0.0733071820726 
0.0685369673017 
0.0606470765871 
0.0399420575564 
0.033563774739 
0.0415914696949 
0.032001173398 
0.0304157864908 
0.0272211355033 
0.0224161566296 
0.017610439279 
0.0192048204628 
0.0159963603914 
0.00959203031214 
0.0079810429777 
0.00319016105727 
0.00477938219363 
0.00159313818048 
0.00477590289754 
0.00318247190706 
0.00318246176524 
0.00318580578543 
0.00318849401594 
0.0015954713318 
0.00159758967559 
0.00159781607469 
0.00159783129198 
0.0 
0.0015994831771 
0.003201993241 
0.00160248478522 
0.0 
0.00160570222938 
0.0 
0.0 
-0.00322400017762 
-0.00807081041545 
-0.00484806764398 
-0.014553982415 
-0.0145527256874 
-0.0145529669174 
-0.0145589508572 
-0.0113276999488 
-0.00809495293556 
-0.0178102609258 
-0.0242741388928 
-0.0323429275551 
-0.040408578602 
-0.0484686368937 
-0.0500592959197 
-0.0565056805731 
-0.0516590757513 
-0.0548474912259 
-0.0612491054149 
-0.0660187966746 
-0.0611786863361 
-0.0724282250195 
-0.0772432041357 
-0.0804859785214 
-0.0900923874287 
-0.0868878187494 
-0.086877366702 
-0.0884763422762 
-0.0916898646463 
-0.102898528181 
-0.115634399649 
-0.125267050482 
-0.133274246071 
-0.135002189781 
-0.142958118882 
-0.141348695137 
-0.146077792902 
-0.144389093605 
-0.139604774961 
-0.141117619811 
-0.134706982316 
-0.128337748206 
-0.118765579045 
-0.10764777958 
-0.0949511952008 
-0.095005071086 
-0.0934040731356 
-0.0837709174396 
-0.0773025220596 
-0.067671999941 
-0.0645014277824 
-0.0629394515805 
-0.0565422267722 
-0.0517625745756 
-0.040483225481 
-0.0340582339634 
-0.0292132788095 
-0.0194994726731 
-0.0195242842865 
-0.01302809039 
-0.00815354711481 
-0.00326392950156 
0.0114285098222 
0.0212473466068 
0.0343578476612 
0.0458433697588 
0.049162194545 
0.0476067585265 
0.0410994669909 
0.0362289358956 
0.028059407741 
0.0215004154262 
0.0215346374257 
0.0116090848352 
0.0083053608469 
0.00498929625965 
-0.00166457642185 
-0.0100135772717 
-0.0183924132136 
-0.0335016809902 
-0.0570542946583 
-0.055499985281 
-0.0622924768171 
-0.0691051182903 
-0.0691735745674 
-0.0658786816457 
-0.0609008677525 
-0.0727846755233 
-0.0728416386653 
-0.0678647733615 
-0.0662377504 
-0.0629558891833 
-0.0664927213564 
-0.0631184265152 
-0.058055828524 
-0.049598740591 
-0.0513276630166 
-0.0564653147015 
-0.0547597024013 
-0.0581539873838 
-0.0495784881342 
-0.0307703221801 
-0.0239239928394 
-0.00854084165235 
0.0204940859871 
-0.0341580650869 
-0.030786029058 
-0.0273883022558 
-0.0137072346534 
0.0205763122876 
0.0342842289772 
0.00514441718978 
0.0222891105507 
0.0154466070542 
0.0120162726426 
0.0154581284753 
0.0068794119811 
0.00516829954795 
0.00862481727787 
-0.00345905308568 
-0.00519521822301 
-0.00173545977301 
-0.00695464650021 
-0.0104437967829 
-0.0139546780506 
-0.017463599999 
-0.0192337730358 
-0.0192478695824 
-0.0192724937345 
-0.0192945827275 
-0.0193165202463 
-0.017590418685 
-0.0176100619623 
-0.0158479804627 
-0.0158489411955 
-0.0140935418341 
-0.0123426883953 
-0.0105811857087 
-0.00705245353697 
-0.0052891904224 
-0.00176257190732 
0.0 
0.00352757879573 
0.00529288764348 
0.00706512286832 
0.00353268644712 
-0.0123642134072 
-0.0229534497347 
-0.0229153372035 
-0.0211454557129 
-0.0140882000224 
-0.00527544061993 
0.0 
-0.00350501333397 
-0.00699630273534 
-0.00524702513311 
-0.0174847055222 
-0.0227161170291 
-0.0244688352622 
-0.0262158351957 
-0.0297198643965 
-0.0384702373659 
-0.0367244756997 
-0.0332172905357 
-0.0332091072159 
-0.0366695116515 
-0.0418431918848 
-0.041801698084 
-0.0521666835782 
-0.0589848994951 
-0.0624308338414 
-0.0693083436216 
-0.0761617920233 
-0.0847670303341 
-0.0899536518829 
-0.0968467947204 
-0.0950617683661 
-0.0949725869382 
-0.0983656647671 
-0.0966178931463 
-0.100101302574 
-0.105305193959 
-0.107069600164 
-0.103642776301 
-0.0898001043956 
-0.0845129770386 
-0.0776062853848 
-0.0723620214607 
-0.0722396927226 
-0.068749677556 
-0.0669500240691 
-0.0686025854424 
-0.0582533530447 
-0.0581454561743 
-0.0546506940377 
-0.0494580148196 
-0.0426415735906 
-0.0426415735906 
-0.0392447470015 
-0.0272890949032 
-0.0272447928966 
-0.0221014685067 
-0.0152705418721 
-0.00507787180892 
-0.00507109278135 
-0.0016884295115 
0.00336855683116 
0.00336378403104 
0.00840408984919 
0.011770429227 
0.0100894439634 
0.00336246941319 
0.00335801007676 
0.00167682004471 
-0.00669699080735 
0.00166903691098 
0.00666782746574 
0.00332812025644 
0.00664799641139 
0.00165941209825 
-0.0049555525512 
-0.00825205794155 
-0.00658919853225 
-0.0114919424859 
-0.0114711674251 
-0.00653900022899 
-0.017966000044 
-0.0244377328653 
-0.0455226640506 
-0.0567668715882 
-0.0582340856222 
-0.0661106560464 
-0.0772120601617 
-0.0881877647707 
-0.0976701638359 
-0.1039013005 
-0.11011321155 
-0.113056088824 
-0.114500779622 
-0.112773438455 
-0.109577008098 
-0.106374663999 
-0.100028696848 
-0.0937249393117 
-0.0937472709831 
-0.0874481117803 
-0.0827591410213 
-0.0859532671278 
-0.092242368006 
-0.0843010314709 
-0.0809845104755 
-0.069838402504 
-0.0571600789033 
-0.0476368299425 
-0.0380895806427 
-0.0253850421334 
-0.0111034233481 
-0.00634343823591 
0.00158612754496 
0.00952517649655 
0.0158793624624 
0.0222316616857 
0.0269813210811 
0.0301395639067 
0.0301066012362 
0.0221341906483 
0.0221059108502 
0.023632769694 
0.0267775991354 
0.0330637877125 
0.0361726217055 
0.0392670939529 
0.0408231890532 
0.0407754662291 
0.0407358679847 
0.0234988036093 
0.0109566836201 
0.0109584322178 
0.00940470101096 
0.00470483236455 
0.0 
-0.00628600064573 
-0.00943869568502 
-0.0157462252752 
-0.0157462252752 
-0.00944976398352 
-0.00630374123561 
0.0 
0.00630999455544 
0.00315828007346 
-0.00631814605937 
-0.012632053743 
-0.0110470839753 
-0.00790022962423 
-0.00474429010141 
-0.00474938645111 
0.00158440232168 
0.00634123246452 
0.00317438915145 
-0.00158857952675 
-0.0095349947419 
-0.00636059478005 
-0.00159059550709 
0.0047793353582 
0.0111624481602 
0.014360270762 
0.00798861593976 
-0.00159842231238 
0.0 
-0.00319827614517 
-0.0079960471913 
-0.0143917501919 
-0.0255843714836 
-0.0351822141292 
-0.0415647642029 
-0.0495522744105 
-0.0559225012013 
-0.0638990057059 
-0.0686623065153 
-0.0654594506338 
-0.0702638325858 
-0.0702659585819 
-0.0654325197662 
-0.0669421071941 
-0.0684290539074 
-0.0699695106531 
-0.057238635169 
-0.0508841382248 
-0.041324257967 
-0.0413419130643 
-0.0318181757405 
-0.0254705409021 
-0.0111493878225 
0.00477824388073 
0.0286491606654 
0.0476631333081 
0.0634797376013 
0.088696221893 
0.0934014322866 
0.102818194839 
0.109006535251 
0.129220777214 
0.127530174515 
0.138288387246 
0.142864342002 
0.150520698804 
0.159661746181 
0.162557862088 
0.168470473039 
0.16678368425 
0.169832324663 
0.171475693043 
0.17001816838 
0.165558614475 
0.167025577913 
0.165295818456 
0.155931735783 
0.151224787634 
0.140242869918 
0.138570586117 
0.129280751306 
0.129189645341 
0.12912294272 
0.130476293117 
0.133405711479 
0.123893364882 
0.117497627653 
0.117340560427 
0.120316970389 
0.123362450388 
0.126401305604 
0.132493529359 
0.143317225888 
0.154078113176 
0.161741696465 
0.166381297293 
0.169445268795 
0.171097988349 
0.171401629125 
0.166940723261 
0.165702734159 
0.158188666892 
0.155360393917 
0.141916049291 
0.13429833996 
0.131271226558 
0.122043485565 
0.120562949716 
0.114594108581 
0.106994459107 
0.0946019122391 
0.0900661873173 
0.0822483180985 
0.0712942438096 
0.0586794284901 
0.041286590135 
0.0349566209889 
0.0222751102512 
0.0127434020837 
0.00318904481499 
-0.00638868963237 
-0.0143931131658 
-0.019196515242 
-0.0240217525586 
-0.0337010663984 
-0.0401396930854 
-0.0450154497391 
-0.0467069740812 
-0.0371060058954 
-0.0242578736744 
-0.0275380662552 
-0.0308101315532 
-0.0373167310347 
-0.0454394875498 
-0.0503563660606 
-0.0536880179155 
-0.0553711919067 
-0.0554842177878 
-0.0556288129832 
-0.0556733050822 
-0.0558140908447 
-0.0558545522351 
-0.0559478791765 
-0.0561066614836 
-0.0545307453608 
-0.0513002118885 
-0.0480225836329 
-0.0480340065157 
-0.0447519304793 
-0.0431298508761 
-0.0365333421043 
-0.0166516028979 
-0.00166700573331 
0.00167101965067 
0.0117092018258 
0.0184178877555 
0.0150774685022 
0.0217756182789 
0.0318381022166 
0.0368773702253 
0.0452612533119 
0.0586877322327 
0.0670640218575 
0.0771190232739 
0.082203044149 
0.0839080855564 
0.090673604346 
0.0875065389759 
0.0909817943143 
0.0911477599236 
0.0929105557509 
0.0930017253402 
0.0997828170957 
0.103056372788 
0.101423735468 
0.103135562599 
0.0998010103219 
0.0930328556854 
0.0828880132922 
0.0845302305116 
0.0844584894419 
0.0860343285234 
0.0759564981214 
0.0726060426684 
0.0709685046823 
0.0575027027848 
0.0524772517036 
0.0355752472332 
0.0203385123366 
0.00508316500616 
-0.00338814465888 
0.00846795615127 
-0.0355722227241 
0.0322004741878 
0.0441134317105 
0.0458590019667 
-0.0220939166543 
-0.0170141587148 
-0.0170222106013 
-0.0288746031581 
-0.0203701691456 
-0.0339024658414 
-0.0270587915277 
0.0151930949478 
0.0471667716917 
0.050358826468 
0.0569749821846 
0.0401788803753 
0.0234113967582 
0.00500721022264 
0.0 
-0.00833171093548 
-0.00998028310716 
-0.00664596287385 
-0.00332100663776 
-0.00165989714593 
0.00332008866 
-0.00165988006659 
-0.00331652409004 
-0.00331364872437 
0.011576016102 
0.0115713673042 
0.00991433269579 
0.0181716927309 
0.0247766129005 
0.0280798648709 
0.0264275713739 
0.0363266059103 
0.0428845324498 
0.0461472420459 
0.0444358061682 
0.0526147071478 
0.0542200060089 
0.0607378739604 
0.0623644363839 
0.054118858394 
0.0590053170106 
0.0524441820564 
0.0475332274695 
0.0507950292265 
0.0442287593923 
0.0441773873237 
0.0392193704418 
0.0375008782927 
0.0293280910437 
0.0358175658192 
0.03258352423 
0.0228724910557 
0.0261981298453 
0.0311283555378 
0.0360870659804 
0.0394027808907 
0.0328448919988 
0.0213588678662 
0.023021637718 
0.0164541883589 
0.00659011941776 
0.0131875777596 
0.00824804268483 
0.00660273173864 
0.0 
0.00165154441684 
0.00825791712253 
0.0148649478379 
0.0214755601765 
0.0264495228952 
0.0297918911652 
0.031476769068 
0.0315034734856 
0.0315446885928 
0.0315650303859 
0.0332566098693 
0.0333086323365 
0.0300010366069 
0.0300385637568 
0.0283743535371 
0.0267008486151 
0.0250334430349 
0.0233673084195 
0.0200187424043 
0.0166771188165 
0.0150127321773 
0.0116777092584 
0.0100183415815 
0.00668136714441 
0.00501123679304 
0.00334107505064 
0.0 
0.00167201538759 
0.0100391347288 
0.0117241307683 
0.0184262723186 
0.0284788893033 
0.0335341002521 
0.0352433012884 
0.0369805826515 
0.0353320239598 
0.043814324833 
0.0539393445075 
0.0589865900614 
0.0589874328742 
0.0573267731322 
0.0472673633741 
0.0338114598336 
0.0203116750698 
0.0152739535351 
0.0101947313433 
0.0136194612799 
0.0119357788958 
0.0102351262414 
0.0170752311452 
0.0222245327341 
0.0154177009299 
0.0188523547442 
0.0154391679978 
0.0188619414259 
0.0239973714627 
0.01713926845 
0.0239519321493 
0.0256412605633 
0.0136531271723 
0.0153419683824 
0.00852128935482 
0.0153297827107 
0.015327295626 
0.00510716554286 
0.00169970478186 
0.00169933030053 
0.0 
0.0101983965883 
0.00509967436628 
0.00509617724811 
0.0084936775934 
0.00169786316478 
0.00169857990661 
0.00339907549443 
0.00340281236951 
0.0136207371886 
0.00511157962193 
-0.00170559915106 
0.00512284556643 
-0.00512349928674 
0.00341422947565 
0.0102396037794 
0.00852976112227 
0.0102372387582 
0.00341230400286 
0.00170568085815 
0.00340809204704 
-0.00851832800284 
0.00170291646652 
0.00510955462193 
0.00170447269694 
0.00682091444698 
-0.00511664498989 
-0.0102337328073 
-0.00170470241377 
-0.00170573052434 
-0.00170712971814 
0.0102429411586 
0.00682713230895 
0.00170395972924 
-0.00340398274366 
0.00510068151362 
0.0 
0.0101819121718 
0.011868119808 
0.0237386221236 
0.0220631537829 
0.0254449073939 
0.0169426146877 
0.0169146544106 
0.0185888570294 
0.0253035514676 
0.021921504915 
0.0235928583714 
0.0219058890812 
0.00674695960829 
0.0101257444653 
0.0118157641993 
0.0151912363855 
0.0151876990373 
0.00843873410996 
0.0185677002735 
0.030399025775 
0.0270388888182 
0.037177577225 
0.0405438093895 
0.0354806486551 
0.0388534427805 
0.0439211300158 
0.0440069261392 
0.0389605685714 
0.0406926832033 
0.039026364406 
0.0390466965165 
0.0407616240319 
0.0424767029044 
0.0492793213854 
0.0424953727613 
0.0407992938612 
0.0458871116206 
0.0475783521782 
0.0356771710058 
0.0356648045995 
0.039031660904 
0.0372936719307 
0.027115952422 
0.027082433753 
0.0270704939415 
0.020289146917 
0.0135190362651 
0.0168980352204 
0.0152210820565 
0.0118412790507 
0.00338482638411 
0.003385948609 
0.00507875146622 
-0.00169269834678 
-0.00338413926235 
-0.0101516859537 
-0.011831622272 
-0.00675679316944 
-0.00506221414884 
0.0 
0.0 
0.00336551225985 
-0.00168127450251 
-0.0134299273821 
-0.0167738711551 
-0.00838227972531 
-0.0117141274903 
-0.0133745339812 
0.0 
0.00833101059765 
0.00166344542849 
0.00331508866589 
0.0 
-0.00330253677933 
-0.0032965519894 
-0.0115032721605 
-0.0131309009257 
-0.00982938613185 
-0.011454404579 
-0.0114402834681 
-0.0114278452721 
-0.00326170351059 
0.00814370487521 
0.0211322773196 
0.0340612699169 
0.0502137483139 
0.059809468972 
0.0517043130224 
0.0532364892044 
0.0547604394691 
0.0547557091354 
0.0499223162534 
0.0482859430592 
0.0402429068725 
0.0289880940743 
0.0193309139736 
0.0193353438568 
0.035459682433 
0.0322922839424 
0.029073546008 
0.0290875662297 
0.0226345372472 
0.0145597549275 
0.00647788009241 
0.0113372850328 
0.0113331426581 
0.0145545165899 
0.0210054406214 
0.0258085231426 
0.0225646028712 
0.0193259414985 
0.0225298104283 
0.0160854250149 
0.0209092454855 
0.0241189752734 
0.0257155655142 
0.0257040243601 
0.0240799325794 
0.0256793520166 
0.0240697566154 
0.0256624068069 
0.0208550281622 
0.019254941542 
0.0144406224718 
0.0144450826734 
0.0128410431655 
0.0128416259812 
0.00641898412975 
-0.00160458411475 
-0.0144399309231 
-0.0256668696899 
-0.0272823320731 
-0.0176774746998 
-0.0128626317898 
-0.00482979478104 
0.00161216748206 
0.00161346760457 
0.00323137564924 
0.0177808865243 
0.0145707591704 
0.00324141180601 
0.00162174639563 
-0.00487037424008 
-0.0146173197094 
-0.0113729592514 
-0.00650083466662 
-0.00487409756633 
-0.00324735702534 
0.00324578088873 
0.0 
-0.00162385541232 
-0.00324860706036 
-0.00325575497312 
-0.00163002733977 
-0.00326178214265 
-0.00326419113432 
0.00653312087109 
0.00818004185598 
0.0130963357622 
0.0131034984571 
0.0163775604265 
0.0147406752135 
0.0327421336907 
0.0343430451912 
0.0294268976894 
0.0392061917302 
0.0408080743455 
0.0456799170504 
0.0391727229501 
0.0391928022417 
0.0473888439537 
0.045784664843 
0.0425545576357 
0.0425800340607 
0.0491388138472 
0.0491838724194 
0.0524775541654 
0.0573902770393 
0.052484766802 
0.0426805057574 
0.0393984095375 
0.0377657813064 
0.0328717897474 
0.0263338145427 
0.0279913997814 
0.0263667147355 
0.0214522288626 
0.0214661718804 
0.0264330183656 
0.0281115848892 
0.0248416681627 
0.0215455309902 
0.0132782502304 
0.00332143372821 
0.0033259904897 
0.00665553201929 
0.0 
-0.00833406236327 
-0.00833662057575 
-0.0133395616035 
-0.0149984103546 
-0.00999238188623 
-0.00332828003288 
0.0 
0.00332719966207 
0.00498893425562 
0.00996978130807 
0.0116261610762 
0.0132844751662 
0.016586819844 
0.0182265104761 
0.0198652468169 
0.0198565487557 
0.021480930055 
0.021460915789 
0.0197844937571 
0.0197725260752 
0.0181118260804 
0.0181042138414 
0.0181007878646 
0.0164551591533 
0.0164557427179 
0.0131612484777 
0.011505472788 
0.00821464410035 
0.00492552270428 
0.00491943526165 
0.00327713006393 
0.00163711404126 
0.0 
-0.00163526088278 
-0.00163384216479 
0.0130549566191 
0.0260382058573 
0.0260133197377 
0.0243620467068 
0.0227384900096 
0.0210854980899 
0.0178094813899 
0.0194170509914 
0.0226058095176 
0.0193657036623 
0.024199408817 
0.0387029427583 
0.0386999951446 
0.0322634523593 
0.0242033106156 
0.0177546497797 
0.0096849060646 
0.00322586408472 
0.0128867423835 
0.0128734069208 
0.00804462919255 
0.00321636747844 
-0.00481836034958 
-0.00481707356897 
0.00963330406449 
0.0112467958501 
0.00803866376182 
0.0048311688691 
0.00161207416526 
0.016126810923 
0.0177605720674 
0.0161636840077 
0.0113247027459 
0.00162219386005 
-0.00324675121782 
-0.00975352009156 
-0.0146570745258 
-0.0179335364698 
-0.0212362098639 
-0.0245592070223 
-0.0262604556748 
-0.029607948397 
-0.0313110426172 
-0.0313231265158 
-0.0313356557749 
-0.0314168183342 
-0.0314367128923 
-0.0281794015128 
-0.0282997384744 
-0.0283783094908 
