0.2317125 
0.219154971129 
0.212910153806 
0.200422281051 
0.194139672849 
0.0752534866006 
-0.0124998425241 
-0.0125235384159 
-0.0125262697845 
-2.41548004956e-06 
0.0564239780863 
0.068797281031 
0.0563577911701 
0.0375825694027 
0.0125307988961 
-0.03130569502 
-0.0626264539657 
-0.0814178505391 
-0.0939418951916 
-0.100202016006 
-0.100310811929 
-0.100117320024 
-0.106546634123 
-0.112643507672 
-0.112728271239 
-0.119163037328 
-0.112586478948 
-0.112717773691 
-0.106477043225 
-0.0939547579494 
-0.0876875159301 
-0.0751630390776 
-0.0688974936375 
-0.0563627021811 
-0.0501069185786 
-0.0313173855502 
-0.025055556601 
-0.0187926423393 
-0.0125278697554 
-0.00626446161888 
0.00626081561012 
0.0125244994689 
0.0187878421637 
0.0250509685846 
0.0313468974409 
0.031283953054 
0.0375743751924 
0.0125318737011 
-0.0125210308645 
-0.050108622361 
-0.0688775129456 
-0.0563704615711 
-0.0438466182787 
-0.0250567210003 
-0.0250761366311 
-0.01251752037 
-0.0125256947639 
-0.0187888341 
-0.0313078922989 
-0.0626304754084 
-0.0939419321763 
-0.0876826251596 
-0.0563800041857 
-0.0250586540352 
0.00625632775044 
0.0313110758554 
0.0376124476907 
0.0312889510838 
0.00626550257396 
0.00626318799456 
0.0250459267518 
0.0438384218822 
0.0688930420866 
0.0563666157422 
0.0313422629362 
0.00626497026863 
1.38996043804e-06 
0.0125244464112 
0.0313132287961 
0.0250544039045 
-0.0062564539578 
-0.0250475691706 
-0.0187884246114 
-0.0125276348377 
0.0062596039105 
0.031311506576 
0.05010137716 
0.0627069077829 
0.0750667330595 
0.0813965650977 
0.0876815976419 
0.0939984801819 
0.0939009520947 
0.1002094016 
0.106470036189 
0.106466775446 
0.100232816959 
0.100195056549 
0.100195663019 
0.106595184393 
0.100094084058 
0.10644416795 
0.100199603022 
0.0939418923115 
0.0814207824296 
0.0375907126684 
0.0313487103391 
0.0312837386078 
-0.0187839660655 
-0.0626192563124 
-0.0814238220475 
-0.1189846855 
-0.144040329712 
-0.150304181251 
-0.187897971113 
-0.162891518781 
-0.156655774675 
-0.156435337083 
-0.125265638953 
-0.144032824216 
-0.156572553915 
-0.194141514126 
-0.1881018821 
-0.206468457635 
-0.237972122075 
-0.237999178267 
-0.21919424787 
-0.20670697991 
-0.225466426983 
-0.200407614451 
-0.21292016766 
-0.200429136189 
-0.19416166479 
-0.169123989556 
-0.156544671317 
-0.137801587171 
-0.0876944738238 
-0.0814112616293 
-0.0814133322892 
-0.0438458038432 
-0.0313191813268 
0.0187791833696 
0.0125272725209 
0.0187878542272 
0.0250497407289 
0.0313131625122 
5.37727917175e-06 
-0.0250480314136 
-0.0626359987032 
-0.031320653445 
-0.0438366378078 
-0.0375738483808 
-0.0501023699661 
-0.0626318655382 
-0.0375799453881 
-0.0501576170848 
-0.0625556767182 
-0.0563628114796 
-0.0688958829282 
-0.0250586706847 
-0.0438370844144 
-0.0501037022544 
-0.0626273143121 
-0.0751590372997 
-0.0751561403267 
-0.0751511677235 
-0.0626374588222 
-0.037587637295 
-0.0375780953291 
-0.0250553861742 
-0.0188239743681 
-0.0187621811598 
-0.0500785271611 
-7.04701169293e-06 
0.00626571417015 
-0.0125141548322 
0.0313067096736 
0.0250532224453 
0.0188154585619 
1.77700715787e-06 
-0.01252446139 
-0.0313120066798 
-0.0438387672408 
-0.0501588695828 
-0.0625590614173 
-0.0626228699486 
-0.0752162977175 
-0.0876131111179 
-0.11898551225 
-0.137788842678 
-0.125267230091 
-0.137792523498 
-0.144040110983 
-0.144066115375 
-0.13777988154 
-0.15026447348 
-0.162893859796 
-0.14401071437 
-0.16278059071 
-0.169354416045 
-0.162619286174 
-0.19411522595 
-0.200550481287 
-0.206535999663 
-0.21922670325 
-0.225568289063 
-0.219227130713 
-0.206479456754 
-0.194145669723 
-0.16911185647 
-0.1691483562 
-0.156549059514 
-0.156572344409 
-0.150307542514 
-0.144043955624 
-0.137846441488 
-0.137741237685 
-0.137826580399 
-0.156530692557 
-0.150313132471 
-0.137797380562 
-0.144053390416 
-0.125263611219 
-0.106481872122 
-0.0876845733896 
-0.081415579496 
-0.0876775226198 
-0.0876868251689 
-0.100199998665 
-0.0939604298847 
-0.106539042233 
-0.0938844410536 
-0.0814134714366 
-0.0876837908023 
-0.0626402490348 
-0.0501042586199 
-0.0375800124057 
-0.0250528420211 
-0.0250534658607 
-0.0250537564569 
-0.0313584551224 
-0.0250187275702 
-0.00627244420565 
-0.00625470613136 
-0.0187865839443 
-0.0187873981401 
-0.00626574857395 
-0.0125400326215 
-0.0125114110644 
-0.0626241581821 
-0.0313408496543 
-0.0438156119929 
-0.0438408385024 
-0.0375801192452 
-0.0438422586516 
-0.031319315784 
-0.0313159822014 
-0.0564225291239 
-0.068816047106 
-0.050101600854 
-0.0187945540639 
0.087786294912 
0.0813083267247 
0.0814072933539 
0.0688916589114 
0.043845354676 
-0.0250402699038 
0.0876601897726 
0.0563826033416 
0.0563397088329 
0.0501048507626 
0.00627187583353 
-0.0313076834805 
-0.0564252971371 
-0.0938452302304 
-0.118982545249 
-0.119116255843 
-0.125269886879 
-0.137677765854 
-0.106462962403 
-0.125247242662 
-0.11900282864 
-0.150305000768 
-0.162827792405 
-0.137783794599 
-0.125266829342 
-0.100219422796 
-0.0940889028819 
-0.0813035417391 
-0.0939327756298 
-0.1065469739 
-0.0813668314137 
-0.0814197381802 
-0.0751623788278 
-0.0939490657549 
-0.112880925326 
-0.106340416481 
-0.0814602104025 
-0.0876200179654 
-0.0939351935982 
-0.0563736743733 
-0.0626248875571 
-0.0876835365789 
-0.100341297848 
-0.0875684733232 
-0.11898573148 
-0.150302460335 
-0.175439975509 
-0.206581353584 
-0.219368306529 
-0.225295229467 
-0.244238493336 
-0.250525534218 
-0.244269899584 
-0.244259644718 
-0.244273516682 
-0.244506898527 
-0.244186741276 
-0.250353572557 
-0.250813335594 
-0.250431854899 
-0.25033277607 
-0.24424138399 
-0.231999503247 
-0.225303263875 
-0.200343903741 
-0.187880663482 
-0.169142684629 
-0.150259703561 
-0.131520601896 
-0.119003179123 
-0.100205352668 
-0.0876833301632 
-0.0814198564631 
-0.0688975680344 
-0.056373790293 
-0.0438426169166 
-0.0375820760689 
-0.0250538285583 
-0.0125296020136 
-0.006264177164 
0.0125222385507 
0.0250473251543 
0.0751169558748 
0.093944779598 
0.137765565606 
0.156584767814 
0.156561203108 
0.169093632231 
0.144062188535 
0.150308907503 
0.150304065297 
0.125265275836 
0.106475976962 
0.0876819401796 
0.0688989323984 
0.0563765080516 
0.043844644486 
0.0313180424817 
0.0125311634019 
-0.00625858191395 
-0.0187870125146 
-0.0313115658582 
-0.0375760672719 
-0.0438433177891 
-0.0501030550674 
-0.0563737191908 
-0.0563670087737 
-0.0563709046698 
-0.0563583698095 
-0.0626359440493 
-0.0626328592462 
-0.0626277525583 
-0.0688928306849 
-0.0627142854499 
-0.0625573986921 
-0.0626242627611 
-0.056373871777 
-0.0438433644033 
-0.0313146160826 
-0.0187978235977 
0.00625615002032 
0.0814126699489 
0.0939390610784 
0.125232541405 
0.162859530148 
0.144051128046 
0.131525135166 
0.119003906755 
0.106464896017 
0.0939427597507 
0.0814221528613 
0.081424440592 
0.068897585895 
0.068900970475 
0.0563694603896 
0.050138041828 
0.0438185463691 
0.0375792010137 
0.0313146949961 
0.025053709184 
0.0187897498269 
0.0187896110774 
0.0125280569569 
0.0125349386987 
0.0125186532326 
0.0125261858989 
0.00626483785291 
2.52356108921e-06 
8.08190982031e-08 
-0.0062601846428 
-0.0062646846809 
-1.63894228766e-06 
-0.0062567160574 
0.00626718901528 
0.00625652605023 
0.00626243696576 
0.00626340257352 
0.0125247171645 
0.00627208746383 
0.0125116666073 
0.0125250299596 
0.0125259501532 
0.0125266581818 
-0.0188088178291 
-0.0562840572744 
-0.12521757661 
-0.137852782777 
-0.137695291742 
-0.106476608693 
-0.0814147909417 
-0.0564619719559 
-0.0375321145533 
-0.0187878742453 
0.00625858084938 
0.0187859304338 
0.0250501245189 
0.0313175123875 
0.0438340579668 
0.025056077755 
-0.00625654912703 
-6.31276658311e-07 
0.0125422914516 
0.0187602024046 
0.0375799185963 
0.0563528254826 
0.0250576066225 
-0.025041841115 
-0.0751516015494 
-0.0877567542747 
-0.175213624162 
-0.187852944883 
-0.18788919295 
-0.200399131225 
-0.238004661766 
-0.331931710468 
-0.482256551554 
-0.676382881889 
-0.851701187425 
-0.977045847176 
-0.989554891784 
-0.964513374609 
-0.895731040114 
-0.827975518205 
-0.76934736364 
-0.763957149018 
-0.707762744627 
-0.689653972477 
-0.688127603986 
-0.713937280239 
-0.732796171551 
-0.70195761929 
-0.61966598072 
-0.576587531837 
-0.481924815038 
-0.356985983991 
-0.25053608007 
-0.175397302787 
-0.144265030461 
-0.112583003573 
-0.156583356555 
-0.244189940119 
-0.275608986671 
-0.281787088734 
-0.275574617512 
-0.256802640736 
-0.250530094456 
-0.219214114138 
-0.181650405815 
-0.175382492904 
-0.150317203064 
-0.14405320839 
-0.144063018713 
-0.144032493928 
-0.137761840559 
-0.137795612196 
-0.119002746782 
-0.0939550169299 
-0.0689776313901 
-0.0250330373446 
0.031306216428 
0.100356837997 
0.1188221123 
0.143992948399 
0.15030816756 
0.169109874887 
0.175363090905 
0.169103226661 
0.162857003711 
0.150297031676 
0.150304345691 
0.150314696026 
0.175367988713 
0.187898415494 
0.194151495678 
0.194221218537 
0.206608927254 
0.206680232319 
0.181614022088 
0.156587203602 
0.144058943494 
0.125266380919 
0.106555850503 
0.0876309987691 
0.0688950397188 
0.0563682192891 
0.0187953150302 
-0.0187820440154 
-0.0563594530098 
-0.0626765864346 
-0.100137913134 
-0.156564029126 
-0.150482390166 
-0.143892605097 
-0.169083563716 
-0.225463272837 
-0.238009858169 
-0.250508224587 
-0.263045234417 
-0.269306495576 
-0.331948479096 
-0.363264969555 
-0.375798843828 
-0.407110588525 
-0.432617128394 
-0.463265132172 
-0.469458938241 
-0.488519026724 
-0.494788080825 
-0.494802741958 
-0.507275133048 
-0.526095349601 
-0.532305747005 
-0.557459146285 
-0.538629025248 
-0.51355699793 
-0.507551944507 
-0.501459308335 
-0.481664188519 
-0.444620174862 
-0.432142508912 
-0.407086905641 
-0.388332517345 
-0.350741911963 
-0.338213155461 
-0.306871772179 
-0.306895672704 
-0.313157129378 
-0.275602678209 
-0.263194701901 
-0.225402443798 
-0.231782431717 
-0.200368174492 
-0.231725300521 
-0.250536036671 
-0.194156185596 
-0.162850040014 
-0.119003079656 
-0.112742503626 
-0.125325971383 
-0.156506224693 
-0.187876741217 
-0.21294385257 
-0.219203814775 
-0.212968339941 
-0.2129342763 
-0.187890271706 
-0.175367934225 
-0.169121459743 
-0.162858246409 
-0.150326068978 
-0.131513967145 
-0.131523119854 
-0.112733481756 
-0.0814312225132 
-0.0751576366565 
-0.0688996803183 
-0.0376342710944 
-0.0250253594779 
-0.0187848861174 
-3.53808089141e-06 
0.0187846399887 
0.0313130542758 
0.0500993402148 
0.0501059963413 
0.0563643167567 
0.0563656579301 
0.0688888237179 
0.0876848175071 
0.0876847695216 
0.106473013175 
0.13151794643 
0.156812452148 
0.193881220148 
0.212879720008 
0.225719890353 
0.20645944373 
0.231711438068 
0.250527192402 
0.313626565981 
0.343983245722 
-0.0688498782922 
-0.106473010643 
-0.112721062519 
-0.100211429403 
-0.0188065587921 
0.0939238432126 
-0.0375541344824 
-0.0564169712209 
-0.0563112536023 
-0.106463369454 
-0.100209570948 
-0.100209396724 
-0.0939909877971 
-0.287926403433 
-0.269304829302 
-0.238010361201 
-0.156591745989 
-0.131522794944 
-0.163066574544 
-0.12509633274 
-0.118988100424 
-0.106512356125 
-0.0876508178946 
-0.0688992250151 
-0.0752147242288 
-0.0626064488182 
-0.037563292371 
-0.0313168271309 
-0.0125309029851 
-0.0188028997257 
-0.00625929630474 
-0.0187870450729 
-0.0125314145119 
-0.0125227776929 
-0.0125251089471 
-0.012525547465 
-0.00626429074298 
-0.00626336410098 
-0.00626314126171 
-0.00626309111414 
-1.23250117515e-06 
-0.00626187254922 
-0.0125257043555 
-0.00626493992081 
-1.36003978784e-06 
-0.00626199408486 
-1.14228086021e-06 
-1.6554382617e-07 
0.0125114449721 
0.0313155499913 
0.0187888793426 
0.0563601684296 
0.0564359597703 
0.056308046554 
0.0563611839308 
0.0438445475873 
0.0313193155109 
0.0688853801302 
0.0939443892849 
0.125244245966 
0.15657688073 
0.187878652949 
0.194258349733 
0.219136463386 
0.200401185895 
0.212942421693 
0.237958745804 
0.256791182043 
0.237998291292 
0.28209514858 
0.300336507529 
0.313128735038 
0.350734853667 
0.338230732167 
0.338204805472 
0.344956910692 
0.356517454019 
0.401046064626 
0.4506460919 
0.48846446631 
0.51983812326 
0.526058725163 
0.557378283972 
0.551179246994 
0.569978080933 
0.564530319842 
0.544147768267 
0.550991947019 
0.526103251069 
0.501107115616 
0.46342609213 
0.419626645337 
0.369453642779 
0.369560432923 
0.363258035113 
0.325703819177 
0.300650840279 
0.263046186309 
0.250504720588 
0.244246418333 
0.219215989285 
0.200442557682 
0.156588957208 
0.131533378009 
0.11274539309 
0.0751609144946 
0.0752215972162 
0.0500589262892 
0.0313168982751 
0.0125305740094 
-0.0438329531025 
-0.0814156594432 
-0.13155185175 
-0.175294190693 
-0.187879227728 
-0.181626269884 
-0.156581794319 
-0.137794508984 
-0.106487624825 
-0.0814236170026 
-0.0814224373038 
-0.0438510611338 
-0.0313196995866 
-0.0187900660767 
0.00625807279536 
0.0375724132971 
0.0689001880957 
0.125244066276 
0.212936140343 
0.20666511416 
0.231745906961 
0.256799409863 
0.256798351241 
0.244264848717 
0.225467669498 
0.269298065084 
0.269311962673 
0.25051621059 
0.244270176839 
0.231770099931 
0.244597845262 
0.231419296213 
0.212914870611 
0.181623737038 
0.187884625148 
0.206691239246 
0.200445505332 
0.212924219465 
0.181719474609 
0.112702769664 
0.0876815958127 
0.0313837723158 
-0.0750450610731 
0.125217455887 
0.112735982637 
0.100215553041 
0.0501152077602 
-0.075130775464 
-0.12526573736 
-0.0188075240844 
-0.0814059988728 
-0.0564443776423 
-0.0437933920669 
-0.0563827900845 
-0.0250487425775 
-0.0187898877137 
-0.0313126138064 
0.0125177802938 
0.0187889213875 
0.00626522681798 
0.0250496219348 
0.0375770852883 
0.0500994020657 
0.0626275172958 
0.0688910909789 
0.0688950339185 
0.068898493361 
0.0688976660777 
0.0688955438382 
0.062633744897 
0.0626304469385 
0.0563632726766 
0.0563649118782 
0.0501084363274 
0.0438441198055 
0.0375817817136 
0.0250851192871 
0.0187692546075 
0.00626283518445 
1.22989427474e-06 
-0.0125227003172 
-0.0187883542491 
-0.0250720645447 
-0.0125185876284 
0.0438304573163 
0.0814165652372 
0.0815173698092 
0.0751206211995 
0.0500705328351 
0.0187918172473 
4.14015577971e-06 
0.0125239184056 
0.0250492252744 
0.0188097945374 
0.0625603289358 
0.0814160438986 
0.0877872994147 
0.0938234576896 
0.106452442626 
0.137906135573 
0.131404045541 
0.118994462713 
0.119000465313 
0.131522749722 
0.150412104832 
0.150231668705 
0.18787850546 
0.213273293931 
0.225142415135 
0.250431921755 
0.275957892085 
0.30647012283 
0.325629111078 
0.350699535506 
0.344492501699 
0.34448002305 
0.356975686726 
0.350749492021 
0.363235457448 
0.382060102299 
0.388647319562 
0.375457641783 
0.325679259804 
0.306907149117 
0.281853683654 
0.263077301083 
0.263045300818 
0.250529537845 
0.24425834022 
0.250524906513 
0.212944868587 
0.212961806592 
0.200418369896 
0.181639068542 
0.156818196434 
0.156356902979 
0.144027453995 
0.100214839459 
0.100209665777 
0.081418127014 
0.0563743032302 
0.0187989247178 
0.018790988851 
0.00626570701099 
-0.0125222719173 
-0.0125260781759 
-0.0313120835815 
-0.0438410198784 
-0.0376174645567 
-0.012517463727 
-0.0125259616142 
-0.0062645096925 
0.0250470484026 
-0.0062574334675 
-0.0250495194488 
-0.0125277178231 
-0.0250502830572 
-0.00626699913469 
0.0188003707582 
0.0312801418312 
0.0250503120461 
0.0438402780103 
0.0438431609878 
0.0250538156294 
0.0688836585009 
0.0939399548455 
0.175354556613 
0.219217167167 
0.225467048038 
0.25679313863 
0.30061176408 
0.344499889483 
0.382034684645 
0.407057226048 
0.432155805873 
0.444673943996 
0.450940065833 
0.444702837155 
0.432161534381 
0.419636697906 
0.394547070804 
0.36952518573 
0.369539712079 
0.34449940247 
0.325673417911 
0.338220212264 
0.363239691924 
0.331950074378 
0.319429469975 
0.275944753914 
0.22519519469 
0.187872836204 
0.150318625484 
0.100218052746 
0.043851723937 
0.0250609305339 
-0.00625610813936 
-0.0375734747199 
-0.0626234629744 
-0.0876843789007 
-0.106605981419 
-0.118840182269 
-0.118982417395 
-0.0876909424916 
-0.0876847796962 
-0.0940398500091 
-0.106367598241 
-0.131504875101 
-0.14404458691 
-0.156574488265 
-0.162820403143 
-0.162844993077 
-0.162852482637 
-0.0939678186294 
-0.0438520452912 
-0.0438446931462 
-0.0376335908034 
-0.0187646123772 
-1.58468349492e-06 
0.0250409811719 
0.037574099041 
0.062717364116 
0.0625357917835 
0.0375787128694 
0.0250572393021 
4.96076208082e-06 
-0.0250476886282 
-0.0125274528655 
0.0250635405899 
0.0500551712898 
0.0438412515284 
0.0313118332662 
0.0187932438796 
0.0187896876098 
-0.00625793874531 
-0.0250481947342 
-0.0125293298126 
0.00626120585299 
0.0375536711047 
0.0250554523332 
0.00626696451663 
-0.0187841311812 
-0.0438372485923 
-0.0563639040905 
-0.0313190122338 
0.0062554177653 
4.93134620312e-07 
0.0125243001341 
0.0313130808032 
0.0563622972236 
0.10020530051 
0.137776722625 
0.162814471056 
0.194236917296 
0.219111230269 
0.250521963707 
0.269290266975 
0.256802029042 
0.275584050619 
0.275586904419 
0.256914699551 
0.262945223039 
0.269296199582 
0.275569195314 
0.225489790906 
0.200434144372 
0.162842265057 
0.162982053196 
0.125170677822 
0.100212261792 
0.0438541684095 
-0.0187896245552 
-0.112600880839 
-0.187868366887 
-0.250473811715 
-0.351161115227 
-0.36902990893 
-0.40705497922 
-0.43216811978 
-0.513564220177 
-0.507318322344 
-0.551207639608 
-0.569904935998 
-0.6012813842 
-0.638772715552 
-0.651376403935 
-0.676849094493 
-0.669756873456 
-0.682691019955 
-0.688939970993 
-0.682652442115 
-0.66386238272 
-0.670128210833 
-0.663938451567 
-0.626334604717 
-0.607561125278 
-0.563701144667 
-0.55744599313 
-0.519823880825 
-0.519821591076 
-0.519813514281 
-0.526134162338 
-0.538631347488 
-0.501046724646 
-0.476031743928 
-0.476011247832 
-0.488513364624 
-0.501381948417 
-0.51324708359 
-0.538611032824 
-0.582436539343 
-0.626328085456 
-0.657566286375 
-0.676347806362 
-0.688943805773 
-0.695272474475 
-0.69635492876 
-0.675506131931 
-0.670774578851 
-0.638238256218 
-0.625991493724 
-0.569917298833 
-0.538642332651 
-0.526433671277 
-0.488283528174 
-0.482216381896 
-0.457193584089 
-0.425968297983 
-0.376055074664 
-0.357050411244 
-0.325351938213 
-0.281815973884 
-0.231741652567 
-0.16285870427 
-0.137806182953 
-0.0876933309189 
-0.0501162616682 
-0.012535110631 
0.0250450607415 
0.0564516188789 
0.0750491291626 
0.093958206055 
0.13160985391 
0.156383379472 
0.175338467994 
0.181718275222 
0.143998268418 
0.093951296467 
0.106474852925 
0.118998613837 
0.144047796449 
0.175361611123 
0.194146902499 
0.206802137752 
0.212804129376 
0.21293204958 
0.213127694104 
0.21274294366 
0.213155489465 
0.212691363379 
0.212908467807 
0.212955532699 
0.206683116185 
0.194151624141 
0.18162822851 
0.181636627152 
0.169122054821 
0.162846782726 
0.137792949622 
0.0626451702208 
0.00627349994933 
-0.006259580799 
-0.0438361846991 
-0.0688915257217 
-0.056371937597 
-0.0814075020409 
-0.118981295957 
-0.137780379305 
-0.169113348348 
-0.219206668435 
-0.250526945348 
-0.288091000262 
-0.307319905874 
-0.312724172885 
-0.33816334808 
-0.325672496382 
-0.338215008538 
-0.338252980382 
-0.344437868838 
-0.344506461066 
-0.369494156998 
-0.382051840419 
-0.376196651072 
-0.381629400252 
-0.369497012243 
-0.344491156982 
-0.30689144313 
-0.313188103606 
-0.313147678128 
-0.319643242015 
-0.281620196569 
-0.269285171337 
-0.263055625846 
-0.212976996551 
-0.194162069131 
-0.131538029995 
-0.075171635028 
-0.0188379552033 
0.0125054279913 
-0.0313027968855 
0.131502775764 
-0.118952782702 
-0.162835240571 
-0.16910320717 
0.0813733091771 
0.0626338689495 
0.0626250865489 
0.106605689081 
0.0750619633119 
0.12523966914 
0.100210461844 
-0.0563367969864 
-0.175343601192 
-0.187873197326 
-0.212912648323 
-0.150334814792 
-0.0877041593561 
-0.0188532948499 
-3.59877899107e-06 
0.0312908745401 
0.0375764079526 
0.0250564050024 
0.0125294212954 
0.00626435130353 
-0.0125225789474 
0.00625992594164 
0.0125230965325 
0.0125255853501 
-0.0438352293621 
-0.043836662775 
-0.0375807344997 
-0.068889778214 
-0.0939392077795 
-0.106457101067 
-0.100205126072 
-0.137768695478 
-0.16284728534 
-0.175363114668 
-0.169110103901 
-0.200561642345 
-0.206520733984 
-0.231866774585 
-0.237841300333 
-0.206671802653 
-0.225471187963 
-0.200722307825 
-0.181383157488 
-0.194123779943 
-0.169113608874 
-0.169086314034 
-0.150323058107 
-0.144071283185 
-0.112739659451 
-0.137782498777 
-0.125265386298 
-0.0876949382135 
-0.100303814682 
-0.118876678185 
-0.137770709816 
-0.150525469213 
-0.12510598834 
-0.0814126779995 
-0.0876829954515 
-0.0626331065407 
-0.0250614342043 
-0.0500980809011 
-0.0313212429592 
-0.0250549483912 
-5.35373915009e-06 
-0.00626251162233 
-0.0313106987456 
-0.0563619216794 
-0.0814152159088 
-0.100200081081 
-0.112728553682 
-0.118992208536 
-0.119054460253 
-0.11906981263 
-0.118878070779 
-0.125269243066 
-0.12526291179 
-0.112731700156 
-0.11276486176 
-0.106450657486 
-0.100206705672 
-0.0939466503476 
-0.0876944935897 
-0.0751633524522 
-0.0626326288299 
-0.0564221948081 
-0.0438068657472 
-0.0375763973765 
-0.0250554028348 
-0.0187902358489 
-0.0125283349025 
-2.73984187613e-06 
-0.00626223454328 
-0.037574036614 
-0.043882272856 
-0.0688196058753 
-0.106459009809 
-0.125266645031 
-0.131519261306 
-0.137785452841 
-0.131529176438 
-0.162828068455 
-0.200408020389 
-0.219209925807 
-0.219219940554 
-0.212947125125 
-0.175369281656 
-0.125267152901 
-0.0751628232898 
-0.0563776774727 
-0.0375813538003 
-0.0501017822037 
-0.0439001606458 
-0.0375351556575 
-0.0626237667787 
-0.0814695714834 
-0.0564077262944 
-0.0688167871608 
-0.0563616323007 
-0.0688906739935 
-0.0876795496231 
-0.0626373682619 
-0.0876758140155 
-0.0939381927982 
-0.0501149777916 
-0.0563664362367 
-0.0313229788011 
-0.0563613965273 
-0.0563661509462 
-0.0187967506916 
-0.00626620641469 
-0.00626346602177 
-1.2882138348e-06 
-0.0375723061599 
-0.0187905084543 
-0.0187889975062 
-0.0313136044192 
-0.00626847114637 
-0.00626321569712 
-0.0125254940504 
-0.0125264392064 
-0.0500981049605 
-0.0187962975338 
0.00625706606479 
-0.0187851479515 
0.0187843804224 
-0.0125200202713 
-0.0375760678623 
-0.0313146251137 
-0.0376245112988 
-0.0125134467849 
-0.00626367576189 
-0.0125251496635 
0.031306679889 
-0.00625688399838 
-0.0187846571485 
-0.00626539670056 
-0.0250776238817 
0.018762312847 
0.0375680715661 
0.00626878550529 
0.0062634328574 
0.00626339090649 
-0.0375714502939 
-0.0250541815237 
-0.00626643433442 
0.0125216157876 
-0.0187838280618 
-3.3373392024e-06 
-0.0375713569255 
-0.0438391534927 
-0.0876731432688 
-0.0814155873887 
-0.0939340978501 
-0.0626363367827 
-0.0626244806485 
-0.0689006168119 
-0.0940203693361 
-0.0814271486057 
-0.0876079878527 
-0.0814153478646 
-0.0250685049237 
-0.0375744693776 
-0.0438419515043 
-0.0563644591369 
-0.0563665660221 
-0.0313213133606 
-0.0688904022278 
-0.11272824521 
-0.100213851411 
-0.137790569941 
-0.150509288233 
-0.13136492155 
-0.144074926882 
-0.162775068725 
-0.163038686263 
-0.143886386985 
-0.150341928893 
-0.144014560569 
-0.144045853318 
-0.150326888963 
-0.15657118758 
-0.181623368469 
-0.156586500471 
-0.150302761097 
-0.169097684573 
-0.175348315894 
-0.131694258042 
-0.131366583105 
-0.144042191009 
-0.137782969261 
-0.100222779116 
-0.100330834094 
-0.100098614811 
-0.075150858052 
-0.0501121291869 
-0.0626279269411 
-0.0564337077768 
-0.0437973115187 
-0.01252822114 
-0.0125419757776 
-0.0187662569995 
0.00626077175096 
0.0125248807585 
0.0375736881468 
0.0438433053343 
0.0250566327883 
0.0187915921217 
3.82061496412e-06 
3.59252966955e-07 
-0.0125239055651 
0.00625975652077 
0.0500961804025 
0.0626324225836 
0.0313224104184 
0.0438382464427 
0.0501033203949 
9.71924664274e-06 
-0.0313073576426 
-0.0062682366599 
-0.0125337632013 
-2.86575191792e-06 
0.0125174466844 
0.0125268406719 
0.0438274978474 
0.0501074491142 
0.0375838628305 
0.0438362447634 
0.0438431888358 
0.0438886427178 
0.0125278268032 
-0.0312890999073 
-0.0814117539434 
-0.131522037634 
-0.194142902842 
-0.231715451529 
-0.200370297931 
-0.206686399201 
-0.21318721834 
-0.212719108792 
-0.194148671309 
-0.187886328636 
-0.156596364868 
-0.112741453717 
-0.0751710752544 
-0.0751444510766 
-0.137760071802 
-0.125433963182 
-0.112590336907 
-0.112724667777 
-0.0876865035991 
-0.0563793482207 
-0.0250589139175 
-0.0438411742529 
-0.0438422947424 
-0.056366697135 
-0.0814138239353 
-0.100204003267 
-0.0876853960333 
-0.0751517614442 
-0.0876835202804 
-0.0626385082154 
-0.0814198697889 
-0.093939576015 
-0.100200802039 
-0.100209355403 
-0.0939527368268 
-0.100257876412 
-0.093908880148 
-0.100211201309 
-0.0814251059227 
-0.0751544831746 
-0.0563730517968 
-0.0564575835206 
-0.0500348676705 
-0.050091110854 
-0.0250567643735 
0.00626017530293 
0.0562889715272 
0.100187575187 
0.106474782116 
0.0689863150133 
0.0500491619195 
0.018790221571 
-0.00625824995624 
-0.00626285622741 
-0.0125248414973 
-0.0688849797954 
-0.0563740927061 
-0.012534825025 
-0.00626488658011 
0.0187840443929 
0.0563623542181 
0.0438471901385 
0.0250560880933 
0.0187932252173 
0.0125262846798 
-0.012520599466 
-1.89708608035e-06 
0.00626187228928 
0.0125256404587 
0.0125271582778 
0.00626473651679 
0.0125250662821 
0.0125252634725 
-0.0250437276033 
-0.031314068836 
-0.050101381362 
-0.0501105776065 
-0.0626296250371 
-0.0563811119753 
-0.125219203292 
-0.131521695307 
-0.112743984295 
-0.150319785407 
-0.156581291406 
-0.175342797171 
-0.150308169374 
-0.150313670441 
-0.181637131786 
-0.175373351687 
-0.162962626317 
-0.16283933813 
-0.18776853519 
-0.187897369258 
-0.200418963221 
-0.219527983035 
-0.20013759571 
-0.16280257986 
-0.150408562668 
-0.143970248144 
-0.125266823771 
-0.100361197646 
-0.106324374837 
-0.100192524532 
-0.0814142786157 
-0.0814244027737 
-0.100210219025 
-0.106476298838 
-0.094042530298 
-0.0813537709188 
-0.0501517032904 
-0.0125176653314 
-0.0125259809279 
-0.025055972278 
-4.42303747109e-06 
0.0313111392675 
0.0313148263003 
0.0501026482638 
0.0564143009368 
0.0375530842491 
0.0125282610997 
4.13222257588e-06 
-0.0125100862378 
-0.0187885586244 
-0.0375749738182 
-0.0438421208503 
-0.0501013148582 
-0.0626272086638 
-0.0688906759069 
-0.0752602062645 
-0.0750625982015 
-0.0814135958381 
-0.0814177094309 
-0.0751619811389 
-0.0751541603623 
-0.0688967810987 
-0.0689255421786 
-0.0688967433375 
-0.0626749852024 
-0.0625639518534 
-0.05010590906 
-0.0438426272129 
-0.031314950308 
-0.0187914851252 
-0.018789101683 
-0.0125283608598 
-0.00626412974928 
-1.37234928478e-06 
0.00626209647497 
0.00626261987162 
-0.0500934831018 
-0.100199866727 
-0.100209849662 
-0.0939462052268 
-0.0876908349314 
-0.0814297784399 
-0.0689391962236 
-0.0751127539317 
-0.087691908372 
-0.0751534389969 
-0.0939383709676 
-0.150294781312 
-0.150328924799 
-0.125404997939 
-0.0938412590823 
-0.0688830217301 
-0.0375833131882 
-0.0125320617054 
-0.0501020215263 
-0.0501035935505 
-0.0313192177978 
-0.0125290909326 
0.018806364494 
0.0187619212112 
-0.0375658948892 
-0.0438386416223 
-0.0313208846244 
-0.0187949425291 
-0.00626558102835 
-0.0626187508123 
-0.0688902378636 
-0.0626284550984 
-0.043848562341 
-0.00628083460246 
0.0125115129784 
0.0375738339897 
0.0563631998551 
0.0688845154972 
0.0814159102016 
0.0939434923889 
0.100212568732 
0.112741944813 
0.119089252882 
0.118904074781 
0.118988021509 
0.119103500486 
0.118899773021 
0.106464822476 
0.106466094335 
0.106481302222 
