0.00790236938964 
0.00631734052286 
0.00631566159449 
0.00473639718403 
0.0236295057028 
0.0299289793675 
0.0252447041852 
0.0110770196255 
-0.00634040042422 
-0.0174850892806 
-0.0191046013975 
-0.0191565691545 
-0.020781741729 
-0.0224277814571 
-0.0240730291543 
-0.0273658791569 
-0.0338276737706 
-0.0387753728966 
-0.0388407872898 
-0.0405201187219 
-0.0406572774821 
-0.0407351111125 
-0.0359014611686 
-0.0326619207356 
-0.0277701808061 
-0.0228694094231 
-0.0196218138484 
-0.0147537038911 
-0.0114835052263 
-0.00822151822805 
-0.00658609922951 
-0.00330161027025 
-0.0016530529512 
0.0 
0.00166265796897 
0.00333052724216 
0.00501090272759 
0.00669611090236 
0.00839098614805 
0.0100822063478 
0.0100949358902 
0.0118210064731 
0.0118210064731 
0.0118465564205 
0.0135583342447 
0.0135984741018 
0.0152980329025 
0.0153276652767 
0.0153454045515 
0.0170759053936 
0.0188051940115 
0.0188056369974 
0.0187951534876 
0.0187917809672 
0.0204999031493 
0.0205127727195 
0.018819634749 
0.0171252347967 
0.0171331430428 
0.015433190868 
0.0154514422385 
0.0137568722134 
0.0137787283143 
0.0137817751004 
0.012063779647 
0.0120685736352 
0.0120658727054 
0.0103369793672 
0.0103460189545 
0.00862589143813 
0.00690278889205 
0.00517805438722 
0.00172780456155 
0.0 
-0.00173119687231 
-0.00346138272447 
-0.00173005648777 
0.0 
0.00345612244677 
0.0120842585266 
0.0206968874292 
0.0275375125625 
0.0240745345736 
0.0189188368489 
0.0155196390553 
0.010360807311 
0.0051874778278 
0.00865602619897 
0.0104011120599 
0.0052121166515 
0.00347693838332 
0.00521841977128 
0.00173798992539 
0.00347244902317 
0.00866928475276 
0.017317926505 
0.02247773436 
0.0207158777418 
0.0172416859075 
0.012068324619 
0.0034494636503 
-0.00172590286183 
-0.00864309807664 
-0.0121044277893 
-0.0138416086232 
-0.0121121763855 
-0.00519192905491 
-0.0017305227427 
-0.00173031242576 
-0.00345865061959 
-0.00690927933741 
-0.010350164121 
-0.015510692966 
-0.0172183265613 
-0.0172131192302 
-0.0086020230467 
0.0 
0.00687893529499 
0.00859758396491 
0.00343818066058 
0.0 
-0.00515372946419 
-0.00515048164113 
0.0 
0.00685015076253 
0.0136645245154 
0.0136595896331 
0.0102416189496 
0.00512263033831 
0.0 
-0.00512428046554 
-0.00854028586407 
-0.0102488502501 
-0.0119489277941 
-0.0136340389933 
-0.0136143721863 
-0.0152996423813 
-0.0152753700516 
-0.0169486730876 
-0.0169306912757 
-0.0169091942075 
-0.0169012474876 
-0.0151984053598 
-0.0151897853112 
-0.0134967251889 
-0.0134991141556 
-0.0118199823895 
-0.0118199823895 
-0.0101333662545 
-0.0101327444702 
-0.0101267859034 
-0.0084281789152 
-0.00841179560924 
-0.00671627941045 
-0.00335416515717 
-0.00334712818483 
-0.00167102457714 
-0.0900689380071 
-0.0915053728079 
-0.0929562878732 
-0.0927646769491 
-0.0926302801191 
-0.0732453494679 
-0.0524715813548 
-0.0460672004645 
-0.0444695880081 
-0.0397058749446 
-0.0349517556345 
-0.0302170986992 
-0.0254758268288 
-0.0191353678684 
-0.0159692190619 
-0.0111958949358 
-0.00959658775196 
-0.0063994366015 
-0.00320035410553 
-0.00160104985931 
0.0 
0.00320757015013 
0.00642303937948 
0.00803421996029 
0.00966251806809 
0.0128942731324 
0.0129188437803 
0.0145415862142 
0.016174772097 
0.017814243535 
0.0194627397189 
0.0194737717364 
0.0195009381666 
0.0178913114901 
0.0179080402643 
0.0162910470441 
0.0162994207366 
0.0146928418995 
0.0130702805914 
0.013085496679 
0.0147323513658 
0.0147520988351 
0.0131328177681 
0.0115104171267 
0.0115310811153 
0.0115593279206 
0.00991767634195 
0.00992065384191 
0.00827778087726 
0.00662420615754 
0.0066336056952 
0.00498509155015 
0.00498874516402 
0.00499408281242 
0.00333259662566 
0.00166734847085 
0.0 
-0.00167102231363 
-0.00167332828363 
-0.00334934208475 
-0.00502960766884 
-0.00503506781669 
-0.00504293528208 
-0.00336509913727 
-0.00336656550613 
-0.00336717792914 
-0.00168370362793 
-0.00168347885954 
-0.00168227373044 
-0.00168141523156 
0.0 
0.00167887159532 
0.0067092103836 
0.0134165443013 
0.0184522141627 
0.0251723554725 
0.0302088601237 
0.0285393457101 
0.0251797224073 
0.0218225137361 
0.0201482616843 
0.0184779553594 
0.0218357986725 
0.0251913224281 
0.0218240560002 
0.0167841736163 
0.0167923063868 
0.0184770970505 
0.0167992655388 
0.0151178121753 
0.0184720731034 
0.0251531355336 
0.0284857229725 
0.0318019371606 
0.0301183343277 
0.0267768304181 
0.0217650277165 
0.0167560733792 
0.0100580909214 
0.00671445593887 
0.00335778721879 
0.00167976288247 
-0.00168020470794 
0.0 
0.00336618994647 
0.00673454495767 
0.0117974641746 
0.0118103935538 
0.00844123332007 
0.00507771566675 
0.00338686563114 
0.00169565705937 
-0.0033963167901 
-0.00170001768776 
0.0 
0.00680643716748 
0.0153266136236 
0.0204478034726 
0.0187410319932 
0.0153327177119 
0.00851758625675 
0.00170306872535 
0.0 
0.00680553268689 
0.0187120169033 
0.0221013305679 
0.0204065280773 
0.0153019096176 
0.00849942274085 
0.00169963080906 
-0.00339741940407 
-0.00679210315191 
-0.0101889661492 
-0.0118865214725 
-0.0135838931132 
-0.016980315471 
-0.0186773244122 
-0.0203840367981 
-0.0220858136023 
-0.022090207983 
-0.0237997317107 
-0.0237955641407 
-0.0237874106486 
-0.0237857844737 
-0.0237792146022 
-0.0254735522323 
-0.0254712879652 
-0.0254458766182 
-0.0237288144084 
-0.0236898135056 
-0.0236650771952 
-0.0219562256949 
-0.0219457113723 
-0.0219323541638 
-0.0202326826444 
-0.020229721341 
-0.0185380719122 
-0.018543023028 
-0.0101239578958 
-0.00675863535547 
-0.00845789601363 
-0.00508440066022 
-0.00169595133263 
0.00169539441146 
0.0101722967261 
0.0152438228252 
0.0169370023837 
0.0203299122987 
0.0186439610076 
0.0203639656654 
0.0220738792323 
0.0237866418486 
0.0305799660283 
0.0322703873407 
0.0271754080578 
0.0203929189675 
0.0135971064933 
0.0136112222806 
0.0102136435182 
0.00681005417822 
0.0085117495172 
0.00850752388135 
0.0102050753265 
0.0152965440022 
0.0220946775154 
0.0288893911537 
0.0254753837372 
0.02377642673 
0.0254771350507 
0.0288685678702 
0.0322491138473 
0.0305328294868 
0.0271170763248 
0.0220312641555 
0.0186422466327 
0.0220286299776 
0.0271090138924 
0.0288048699946 
0.0237396334716 
0.018669173671 
0.0186705862788 
0.0169695622121 
0.0152661254088 
0.011871267589 
0.00678412691231 
0.00509023704671 
0.00678690638847 
0.00847982418473 
0.00678233934963 
0.00169506895612 
0.0 
-0.00169477101713 
0.0 
0.00339068012295 
0.00169486579831 
0.00338799550323 
0.00169304995483 
0.0 
-0.00507283011695 
-0.00506402203322 
-0.00168492041865 
0.0 
0.00336081755388 
0.00503774404916 
0.00671547883179 
0.00503911188809 
0.00672505525928 
0.0151435855349 
0.0185144122479 
0.0235784860115 
0.0286432988443 
0.0286724038552 
0.0202771525385 
0.018587796699 
0.0202765121911 
0.0151969064226 
0.0168743818941 
0.0185472178257 
0.0168311259575 
0.0184736690496 
0.0117224409964 
0.00835448426824 
0.0133447858726 
0.0116550797436 
0.00997301623476 
0.0116296516331 
0.00996472610089 
0.0 
-0.00165984695996 
0.00165983382278 
0.0 
0.00664385112418 
0.00665536463388 
0.006659876951 
0.0083363216722 
0.00667426729745 
0.00333794019844 
0.00501407475213 
0.00167268658683 
-0.00503079931668 
0.0 
0.00167840320184 
0.00167681588845 
0.00167624118163 
0.00167636016507 
0.0 
0.00335506208985 
0.00839355793125 
0.0 
-0.00168112153356 
0.0 
0.00336999616015 
0.00337236704655 
-0.00337468696593 
-0.00338202775519 
-0.00169214396926 
0.0 
0.00847241774337 
0.011864403162 
0.0169476377185 
0.0186496939486 
0.0186581475717 
0.0220694359706 
0.0220797151814 
0.0254827928809 
0.0254900328712 
0.0254968038247 
0.0288981466404 
0.0306082761726 
0.0357131840062 
0.0391122511216 
0.0391443695923 
0.0323530812472 
0.0340823888369 
0.0358720142358 
0.0359146446308 
0.0360004864916 
0.0343115156642 
0.030902442926 
0.0343752542555 
0.0378614102641 
0.036184077629 
0.0293232729381 
0.0362894427964 
0.0380443032381 
0.0363540624488 
0.0363447240494 
0.0415261871934 
0.0432151404645 
0.043206125247 
0.0449003021433 
0.0465586893737 
0.0465414998664 
0.0447532474274 
0.0395778178071 
0.036123575283 
0.0309479834626 
0.0257473222855 
0.0273959010267 
0.0273418602162 
0.0307178890248 
0.0289619569917 
0.027259182628 
0.0272333945753 
0.0305930326044 
0.0288319265119 
0.0288004593229 
0.0304611468449 
0.0304241997118 
0.038854171645 
0.0422048494844 
0.0405031234497 
0.0404954174226 
0.0438457389139 
0.0404939358303 
0.0371130761602 
0.0337423068036 
0.0303764615058 
0.0320773947939 
0.0337752179602 
0.0354690690515 
0.0388453551578 
0.0405561679574 
0.042265579371 
0.0406236178578 
0.0355691958575 
0.0355769449749 
0.0355835622553 
0.032199860292 
0.0339000883138 
0.0321947003306 
0.0287949734574 
0.027110104373 
0.025423890722 
0.027145775035 
0.0288931361672 
0.027219243959 
0.0255206629885 
0.0306354084081 
0.0323126806958 
0.0288829800718 
0.0271653407029 
0.033895298663 
0.0304686925819 
0.0304708316301 
0.0287736359088 
0.0321542141164 
0.0287433474828 
0.0287366467321 
0.0304329412159 
0.0270661321802 
0.0322028623608 
0.0339302731291 
0.0237609801384 
0.0 
0.0 
-0.00169120922051 
0.00336942250052 
0.0134319819875 
0.0167086436721 
0.0283759588168 
-0.0199772571421 
-0.00831643024635 
-0.00498189651029 
-0.00331735429865 
0.00993340032842 
-0.00661826924903 
0.0248102325366 
0.0297778134609 
0.0363853806845 
0.0430131450435 
0.0413607170588 
0.0364353300149 
0.0347887626798 
0.0381095478589 
0.0380995437762 
0.0380631732062 
0.036348029181 
0.0297110016906 
0.0280612823077 
0.0280491914499 
0.0263834103304 
0.0197576783222 
0.0164420282829 
0.0164073715586 
0.0180222044904 
0.0146979422348 
0.0130325794789 
0.00977035066091 
0.0113820254232 
0.0146229726527 
0.0146150674506 
0.01135091942 
0.01134071903 
0.00971509361596 
0.00970760848367 
0.00808918098714 
0.00323608693094 
0.00161835648886 
0.00323732780305 
0.00485494826543 
0.00485210902847 
0.00323155963434 
0.00645702880228 
0.0112756483532 
0.0160980108487 
0.0209016433538 
0.0240845370624 
0.0256564665546 
0.0256281880547 
0.027217634678 
0.0255920072959 
0.0271849615297 
0.0271477902041 
0.0271387120347 
0.0255158245257 
0.0255031808293 
0.0238839757748 
0.0222848640964 
0.0206865532184 
0.0190958870912 
0.0175055498353 
0.0159158880917 
0.0143196650015 
0.0127258599727 
0.0111441869601 
0.00796360604975 
0.00637618645185 
0.00479023640725 
0.00159923093875 
0.0 
-0.00160349538686 
-0.00321166003174 
-0.00482787459321 
-0.00483688685781 
-0.00645304222256 
-0.00646733941488 
-0.00647817974411 
-0.0097291890144 
-0.00975041916658 
-0.013016605494 
-0.0130348373356 
-0.0146784695074 
-0.0179517689876 
-0.026139453731 
-0.0343342640115 
-0.0425300067785 
-0.0441775388814 
-0.0425690838661 
-0.0409975875789 
-0.0393780699153 
-0.0394356710868 
-0.0378057317812 
-0.0395044053114 
-0.0378939994543 
-0.0329630021791 
-0.0297090287318 
-0.0231317514438 
-0.0181884797985 
-0.0132336474102 
-0.0115885750985 
-0.00994616152855 
-0.00664422474087 
-0.00664422474087 
-0.0033239113875 
-0.00332243455987 
-0.00166096332897 
0.0 
0.00166077747007 
0.00332442749389 
0.00498892040951 
0.00664993366862 
0.00665134621683 
0.00665486569581 
0.00832057774052 
0.00832088740117 
0.00832551458685 
0.00999289054035 
0.0100016091864 
0.0100103350955 
0.00834209940843 
0.0100041823319 
0.0100040845027 
0.011673753497 
0.0116829691843 
0.0116804297028 
0.0116745462916 
0.0116697234209 
0.0116667307357 
0.0116586173162 
0.0116541942981 
0.0116547336914 
0.0116705991667 
0.0133546981791 
0.0133882756176 
0.0134001745048 
0.0134193503673 
0.0134292491025 
0.0117570391363 
0.00840096101755 
0.0 
-0.00671937222109 
-0.00839859254684 
-0.0117583028455 
-0.0134443120607 
-0.0151263301058 
-0.0134577042044 
-0.0100963719805 
-0.00841900243964 
-0.00336900949991 
-0.00168526176031 
0.0033711429818 
0.00505876901461 
0.00843529374986 
0.0118196559764 
0.0118330069788 
0.0118483529263 
0.0135446241889 
0.013562400272 
0.0152736260186 
0.0152761402227 
0.0135749644533 
0.013571922775 
0.0118734653073 
0.0118778180185 
0.0118830250949 
0.0101895313186 
0.0101983172404 
0.0102054428074 
0.0102237044599 
0.0102260183555 
0.0102342496821 
0.0102497618729 
0.00684340239658 
0.00514296973161 
0.00343157447038 
0.00171700249593 
0.00171862754597 
0.0017195669141 
0.00171976376752 
0.0 
0.0 
0.0 
-0.00172525044723 
-0.00172737007487 
-0.00345543340527 
-0.00345749622429 
-0.00518948588501 
-0.00519167499516 
-0.00519655875009 
-0.00692879950356 
-0.00519485274474 
-0.00692432476754 
-0.00692310356995 
-0.00692505300518 
-0.00692477118077 
-0.00693256839112 
-0.0069381054664 
-0.00695025522277 
-0.00695261237428 
-0.00695745553783 
-0.00696535721928 
-0.00522933833755 
-0.00523278998619 
-0.00524330166623 
-0.00525029555819 
-0.00526197687529 
-0.00526861653711 
-0.00704104323669 
-0.00705064742535 
-0.00529475089229 
-0.00706360526079 
-0.00706538052775 
-0.00529973996326 
-0.00706640897243 
-0.00530159955228 
-0.00530578929758 
-0.00353804317476 
-0.0035374401199 
0.0035369941527 
0.0106085853528 
0.0141453885502 
0.0194474212504 
0.0247275081997 
0.0317784865392 
0.0299797131854 
0.0246764737755 
0.0211362078956 
0.0123162135289 
0.00879571489569 
0.0035170269035 
0.00175811922621 
0.0 
-0.00352121518535 
-0.00352398015326 
-0.00528963422534 
-0.00705658492954 
-0.00883211609678 
-0.00884112878405 
-0.0088466647958 
-0.0106261745383 
-0.0106296663327 
-0.0106289426516 
-0.010619768712 
-0.00707353714777 
-0.00706290051784 
-0.00529410753791 
-0.00529444077952 
-0.0052969316184 
-0.00706343040005 
-0.00706166562403 
-0.00353096511239 
0.00353209503238 
0.0070626412554 
0.0141272693449 
0.0141325896415 
0.0123703237487 
0.00884005550174 
0.00707623891792 
0.00530467538035 
0.00530127389599 
0.0035320144273 
0.00353219646319 
0.00176607354834 
0.00176582431856 
0.00705921317043 
0.0141219055078 
0.0176584110606 
0.0194391923913 
0.0282818843047 
0.0353474576809 
0.0353555111159 
0.0335898499101 
0.0406441088954 
0.0477064303359 
0.0477329730224 
0.0477375813139 
0.0458504212673 
0.0387537358552 
0.0334181677142 
0.0316101261834 
0.0280660551372 
0.0297791923952 
0.0349658379018 
0.0384414100983 
0.0454061010226 
0.0593015243148 
0.0801483457875 
0.114586577361 
0.126380371482 
0.129698676485 
0.136314398885 
0.143013118337 
0.149703210559 
0.148107056038 
0.149866720592 
0.15163545824 
0.149918140082 
0.148100415723 
0.141105098979 
0.128999020273 
0.118694133251 
0.110161755514 
0.101660474963 
0.0982871824966 
0.093203047651 
0.0881105483514 
0.0846849290741 
0.08121392828 
0.0812263359474 
0.0795297341482 
0.0726206644251 
0.0638589500108 
0.0585597255539 
0.0601569186755 
0.0565871140044 
0.0496421452689 
0.0393267039291 
0.0205053393784 
0.0119460069861 
0.0102371346524 
0.0204514919993 
0.0255499475887 
0.0255251929325 
0.0306430233039 
0.0374484018798 
0.0612365085807 
0.0781625147251 
0.0933249503484 
0.101654251857 
0.101557345483 
0.0997703150917 
0.103079450744 
0.1080533026 
0.111421789773 
0.113169840451 
0.114935819778 
0.113341229387 
0.106649666752 
0.0999822440113 
0.0951222394145 
0.0901757613489 
0.0852189271669 
0.0836229568692 
0.0836229568692 
0.0802800070146 
0.0819776507643 
0.0786601739324 
0.0769890941218 
0.0769369698824 
0.0734888256144 
0.071630218391 
0.0715255799076 
0.0696447290797 
0.0661677505668 
0.0609216050401 
0.0558030646271 
0.0540378556002 
0.0506331609442 
0.0455187408797 
0.035402984001 
0.0219288194412 
0.0202475282349 
0.0202660273577 
0.0237109136561 
0.0305228091976 
0.0305807188991 
0.0288834713315 
0.0237782884478 
0.0237728080919 
0.0220593822602 
0.0220321310802 
0.0237245048768 
0.0220290624379 
0.0169412776314 
0.01186624345 
0.0101781253929 
0.0118796019088 
0.0152889527632 
0.0152987136037 
0.010200823908 
0.00340086831303 
0.00340451185784 
0.00340620612913 
0.00681122530835 
0.00681186025355 
0.0102179147577 
0.0102175795644 
0.00851142894276 
0.0068088983725 
0.00681076410705 
0.0068140702103 
0.00681486623438 
0.0119394462118 
0.0238764251303 
0.0340817133558 
0.0340532070032 
0.0322917281504 
0.0272056020059 
0.028894393305 
0.0356722430545 
0.0305599690873 
0.023749275347 
0.0220571178243 
0.0203644319488 
0.0271528356383 
0.0305508850631 
0.0305575380748 
0.0322620448305 
0.0356634968378 
0.0322950351919 
0.028903376711 
0.023810333672 
0.0254936926228 
0.0305802285383 
0.0356502485269 
0.04237202477 
0.0456773070234 
0.0439080698154 
0.0421552290767 
0.0403775649046 
0.0403231358637 
0.0419305555804 
0.0418808818339 
0.0450816009542 
0.0466721055887 
0.0465604099787 
0.0465307198096 
0.0464917704438 
0.0497796227729 
0.0580728654939 
0.0580470062922 
0.0547101881842 
0.0497147686137 
0.0447450143409 
0.0447513366749 
0.0497010067426 
0.0513263446151 
0.0480030742077 
0.0413830086086 
0.0380589045281 
0.0396347912998 
0.0379088386504 
0.0395120086627 
0.0444328825545 
0.0411561625757 
0.0395204833517 
0.0378808667096 
0.0378731222111 
0.037835983734 
0.0411041623091 
0.044342725395 
0.0410483613214 
0.0377046392442 
0.0343909213787 
0.0310983759162 
0.0327095101643 
0.0376070337364 
0.0326975348389 
0.0391893800522 
0.0488542974859 
0.0520380841424 
0.0503381922894 
0.043800556261 
0.0373045747479 
0.0324254586568 
0.030782040183 
0.0340045557441 
0.0388270981959 
0.0452531223235 
0.0484545562921 
0.0532637473157 
0.0548439089439 
0.0596532251838 
0.0548153432847 
0.054805330022 
0.0548095343896 
0.0548098668946 
0.0563998482534 
0.051554165397 
0.053158071671 
0.0515337713195 
0.0466970759907 
0.0434619141547 
0.0450099568012 
0.0449914430934 
0.043379636482 
0.0401442854438 
0.0385401366959 
0.0353200968175 
0.033712818189 
0.0272849580979 
0.0208457903009 
0.0192426802612 
0.0128240478482 
0.011225831502 
0.00802036400156 
0.00802076828527 
0.00641808294915 
0.00481309583548 
0.00160483829033 
-0.00481734946059 
0.0 
-0.00160604986123 
-0.00160599820495 
-0.00642075186605 
-0.00641328811405 
-0.00480905077898 
-0.00641209444544 
-0.00801395918469 
-0.0144266364697 
-0.0192315513248 
-0.0208123957638 
-0.0207993775818 
-0.0239986642486 
-0.0304026133912 
-0.0288068792055 
-0.0335971536162 
-0.0383898619069 
-0.057588388484 
-0.0687378628624 
0.0224229657071 
0.027283077245 
0.0321513979752 
0.0338230511306 
0.0193641541333 
0.00646624366999 
0.00971220222437 
0.00648451894005 
0.0146001544303 
0.0064989732233 
0.0113850707063 
0.00976453170609 
0.00488610117976 
0.0 
0.00488824115374 
-0.0016292658786 
-0.00325760569234 
0.0244215662409 
0.0244207663371 
0.00325658916736 
-0.0130275947154 
-0.00162949108961 
-0.013035201906 
-0.0114185230355 
0.00326365318162 
0.00653301707797 
0.0032697848516 
0.00327334693488 
0.00491345455562 
0.00163858044169 
-0.00983725333237 
0.0147725709946 
0.0147750767618 
0.0180799814911 
0.0148075550133 
0.011529532546 
0.00329753217658 
0.00330066999498 
0.00330630014652 
0.00331142082791 
0.00331412105909 
0.00497502060627 
-0.00165824352768 
0.00165767649994 
0.0 
0.0 
0.00165209020697 
0.0 
-0.0016487980514 
-0.00329598674189 
-0.00493998149471 
-0.00658397315318 
-0.00987407337262 
-0.00493935127221 
-0.00494104101867 
-0.00329417185235 
-0.00329460888944 
-0.0065893372439 
-0.00659270434465 
-0.00164783222782 
-0.00164636279974 
-0.00164606106309 
-0.00329512188962 
-0.00659121249447 
-0.00329847948418 
-0.0032995148058 
-0.00165025482002 
-0.00165124948905 
-0.00165113391337 
-0.00660241889524 
-0.00164966780696 
0.0 
0.0 
0.00164559530072 
-0.00657395521403 
-0.00820934227494 
-0.0147608951834 
-0.0147620207188 
-0.0131225802009 
-0.00984407103599 
-0.00820494022614 
-0.0082048265921 
-0.0082042475568 
-0.0082041435702 
-0.00656404732511 
-0.00492235809718 
-0.00656038310702 
-0.0032795402477 
-0.0032795402477 
-0.00163989852598 
-0.00164059307964 
0.0 
-0.00327536759143 
0.00327322482963 
-0.00163575487769 
-0.00818006291395 
-0.0130991700378 
-0.0147496216002 
-0.0180599353756 
-0.0213780552551 
-0.0296562583009 
-0.0329817746688 
-0.0346686063035 
-0.0363491970442 
-0.0380246906505 
-0.0364005511833 
-0.0264964553529 
-0.0314707100328 
-0.0348153076309 
-0.029884019592 
-0.0266244455095 
-0.0250138936 
-0.0233678941554 
-0.0233985402181 
-0.030097271239 
-0.0384826195691 
-0.0452212908303 
-0.0419312225357 
-0.0352602019643 
-0.0352873609946 
-0.0302557551624 
-0.0336163553133 
-0.0369673616034 
-0.0369541766277 
-0.0385946552105 
-0.0419479905246 
-0.0419487922098 
-0.0419331631948 
-0.0452836910861 
-0.0470138400484 
-0.0453717320386 
-0.0470861953623 
-0.0504692029969 
-0.0488414269254 
-0.0471746513404 
-0.048916100719 
-0.0523164658065 
-0.0607541131724 
-0.0674560478531 
-0.0724872553847 
-0.0791838781772 
-0.0842790116211 
-0.0861051547967 
-0.0861400821533 
-0.0879075994672 
-0.0879529432227 
-0.0845968229159 
-0.0829380326067 
-0.0846044086211 
-0.0862097236696 
-0.0861193257121 
-0.0860349843644 
-0.0876217358411 
-0.0841828754258 
-0.0807828277395 
-0.0773329939042 
-0.0722087386847 
-0.0688264023845 
-0.0671180982729 
-0.0670742968025 
-0.0686575632962 
-0.0652368692984 
-0.0584994873424 
-0.0551064302286 
-0.0500803115071 
-0.0450642187041 
-0.0400431658141 
-0.0383771581131 
-0.0350497274965 
-0.0333820112674 
-0.0350360672758 
-0.0366681186633 
-0.038270494238 
-0.0398777447334 
-0.0397969228784 
-0.038073122159 
-0.0364192655747 
-0.0330781881164 
-0.0314121784893 
-0.0314181852947 
-0.0314313458941 
-0.0281268705679 
-0.0281232416533 
-0.0297652787799 
-0.0297600004715 
-0.0330665720839 
-0.0363801871134 
-0.0380567075226 
-0.0381272792605 
-0.0348786608141 
-0.029966442311 
-0.0283251904731 
-0.0266836663375 
-0.0267142633502 
-0.0234006546447 
-0.02006800095 
-0.0200803578873 
-0.0217672030424 
-0.0217726815073 
-0.0217785767163 
-0.0218330746596 
-0.0218641403452 
-0.0219055881487 
-0.0219558031607 
-0.0219866359905 
-0.0203562989438 
-0.0204025911266 
-0.018730614279 
-0.0187368145197 
-0.0170476493532 
-0.0153563044514 
-0.0136759854908 
-0.0136843901547 
-0.0102728593743 
-0.00856828319546 
-0.00685632791938 
-0.00171560406009 
0.0 
0.00171847009867 
0.00515776604342 
0.00688651480597 
0.00861634264795 
0.0155299982785 
0.0207225585189 
0.0224757889534 
0.0224875295001 
0.020765620229 
0.020781584396 
0.0138583873614 
0.0103943520904 
0.00866068106876 
0.00865917918163 
0.00519605189461 
0.00173319391093 
-0.00173418125264 
-0.00520776179904 
-0.00868131741298 
-0.00521106329542 
-0.00521125882483 
-0.00868722140756 
-0.00521210240245 
0.0 
0.00173711176366 
0.00173842487199 
-0.00174016597122 
-0.00870304324683 
-0.00696403073971 
-0.00174080211757 
0.0017410930451 
-0.00174167056333 
-0.00522487266197 
-0.00522818546883 
-0.00348598823381 
-0.00348704954003 
-0.00697252570438 
-0.0139461955661 
-0.019183205531 
-0.0313895231624 
-0.0366444911658 
-0.0384084357571 
-0.0331784438938 
-0.0244132912323 
-0.0243847864735 
-0.0226116359909 
-0.0260624624226 
-0.0277599617692 
-0.024281914122 
-0.0173250233547 
-0.0138338001968 
-0.0103610564168 
-0.0120719279223 
-0.0172363199571 
-0.01893627009 
-0.020650256528 
-0.0223709354831 
-0.0206551049209 
-0.0137735161384 
-0.00860570247807 
-0.00515986287574 
-0.00859975144727 
-0.00859936990806 
-0.00860023670686 
-0.00687935443679 
-0.00687086198572 
-0.00343348859212 
0.0 
0.0 
-0.00342287748588 
-0.0102580958732 
-0.0119546559051 
-0.0102375152735 
-0.0136364901182 
-0.0153347717602 
-0.00340374904638 
0.00680403347945 
0.00850021093786 
0.0102012266439 
0.0153075359594 
0.028905860076 
-0.011893034796 
-0.0152878977476 
-0.0203802834437 
-0.0220634197837 
-0.016962093649 
-0.0101778265566 
0.00169742601841 
0.0135790690358 
0.0220680695851 
0.0356423175254 
0.0390447252162 
0.0169807581481 
0.0118882454028 
0.00509887050501 
-0.00170028177019 
-0.00340508619501 
0.0 
0.00681245327095 
-0.015314842475 
-0.0152978419698 
-0.0186674531466 
-0.0135456717674 
-0.0186091794165 
-0.0169024651729 
-0.0354655629564 
-0.0118121087779 
-0.0101168951887 
-0.0101157029003 
-0.00842890652588 
-0.0118071592652 
-0.013506177409 
-0.0152138266898 
-0.0152194473391 
-0.0152201627916 
-0.0152261627209 
-0.0152242923769 
-0.0152275273918 
-0.015231894508 
-0.0152307736135 
-0.0169342618881 
-0.0152477743435 
-0.0152563173085 
-0.0135773943829 
-0.0118856842328 
-0.011890579425 
-0.0102037339147 
-0.0102220093757 
-0.010250578464 
-0.0102656243162 
-0.00856100735368 
-0.00856934682102 
-0.00858103606532 
-0.00858784731603 
-0.00687302142394 
-0.00688422823934 
-0.00516636172826 
-0.0051695930851 
-0.00344718316977 
-0.00344804522461 
-0.00689296504105 
-0.0154927414067 
-0.0223544696974 
-0.030930307004 
-0.0326211724266 
-0.0291761159115 
-0.0240015472392 
-0.0188431563831 
-0.0136909839125 
-0.0102606353625 
-0.0136705800653 
-0.0153778500874 
-0.0187891272787 
-0.0238719745029 
-0.0204382709749 
-0.0237829623164 
-0.0288120821182 
-0.0321544475634 
-0.0338022177985 
-0.0303935840049 
-0.0303829434386 
-0.0320536087793 
-0.0387929486071 
-0.0404822692287 
-0.0387951097694 
-0.0371197914223 
-0.0337552685917 
-0.0337770586627 
-0.0304295813342 
-0.0321836395546 
-0.037319243711 
-0.0373836916096 
-0.0357115340284 
-0.0340304687869 
-0.0357581132182 
-0.0408939014273 
-0.0392197677939 
-0.0409776019925 
-0.0427030559835 
-0.0478515722984 
-0.0529451877848 
-0.0546284636912 
-0.0562987545501 
-0.0579655726908 
-0.0579293795558 
-0.0562013923504 
-0.056082111477 
-0.0543281310308 
-0.0525886807479 
-0.0508882519638 
-0.0458513278401 
-0.0441797168432 
-0.045982548509 
-0.0443782704495 
-0.041045397513 
-0.039409737461 
-0.0394522936669 
-0.041245328514 
-0.0430128664385 
-0.0430653712928 
-0.0413479437692 
-0.0413529891151 
-0.0362053075852 
-0.0276154620664 
-0.0207189881932 
-0.0155511246791 
-0.0155497718519 
-0.0138248032536 
-0.0172796331419 
-0.0172699408408 
-0.0155456584488 
-0.0138278510775 
-0.0138235970284 
-0.0138173687849 
-0.0120844296169 
-0.0103596301924 
-0.0103663903234 
-0.0103695075102 
-0.0121076232955 
-0.0138595721891 
-0.0121448132335 
-0.00694433713799 
-0.00868429969258 
-0.0121682626904 
-0.0104316384536 
-0.0104350165325 
-0.0104386825566 
-0.00695610437866 
-0.00695638818239 
-0.0104268255523 
-0.0104209131861 
-0.0104122420016 
-0.00693413395296 
-0.00346506669873 
0.0 
-0.00346777082102 
-0.0069363620285 
-0.0069363620285 
-0.00693236157437 
-0.00519578241307 
-0.00172994517195 
-0.00172894582682 
0.0 
-0.00345565432419 
-0.00690402566113 
-0.00688466215203 
-0.00687379692358 
-0.00685081872219 
-0.00341630598565 
-0.00340912362523 
-0.00680809048119 
-0.00680387620032 
-0.00679506474692 
-0.0101893349461 
-0.0101814046886 
-0.0152624148877 
-0.0237325194026 
-0.0220358612364 
-0.0220344313423 
-0.0220268718364 
-0.0237210265703 
-0.0304864213232 
-0.0236693594425 
-0.0202437061122 
-0.0185444166114 
-0.0134416398447 
-0.021820528152 
-0.0234918382365 
-0.0201404873205 
-0.0167805465126 
-0.0167649601735 
-0.0201017037043 
-0.0217449300092 
-0.0233839510253 
-0.0233379495793 
-0.0216465833051 
-0.0182855865732 
-0.0199079556448 
-0.0182256883226 
-0.0165535886697 
-0.01322577877 
-0.0181616150529 
-0.0247400822335 
-0.0263093360362 
-0.0328435910718 
-0.040952469343 
-0.0507316633251 
-0.0570728907134 
-0.0570301627156 
-0.0503788198975 
-0.050179457265 
-0.0533693789203 
-0.058113847138 
-0.0626399369764 
-0.0641744860581 
-0.0688059160325 
-0.0733567945103 
-0.0748308461601 
-0.074664547984 
-0.0745821878471 
-0.0728085292605 
-0.0711557570463 
-0.0677908252683 
-0.0677668065177 
-0.0661114397687 
-0.0660334562355 
-0.0628409611342 
-0.0595888028743 
-0.0563803979472 
-0.0531971898062 
-0.0516182958879 
-0.0500972338861 
-0.0469880267974 
-0.0454590364463 
-0.0439021802438 
-0.0423356370564 
-0.0407689576548 
-0.0423184223096 
-0.0454076109345 
-0.0500873486178 
-0.0547544958961 
-0.0548000429211 
-0.0501670196987 
-0.0454916879486 
-0.040785888538 
-0.0376532696153 
-0.0329592919155 
-0.0282796647089 
-0.0251709473417 
-0.022055001024 
-0.0189347380054 
-0.0158074801534 
-0.0126693832033 
-0.00951603615906 
-0.00634893151381 
-0.0047627168277 
-0.00317573967677 
-0.00158887885331 
0.0 
0.0 
0.00318990727518 
0.00319855589636 
0.0048054264975 
0.00481376754258 
0.00482456630845 
0.00483305046762 
0.00646611856533 
0.00647513849148 
0.00648757804377 
0.00814180034472 
0.009782185064 
0.00817702849382 
0.00328201176137 
-0.00164487483151 
-0.00660989730784 
-0.00828416551326 
-0.00998770564802 
-0.00667254882843 
-0.0016743200909 
0.00167967960361 
0.00504453283971 
0.00841717913608 
0.00843765784733 
0.0118174562509 
0.0135163571328 
0.0135193249342 
0.0152380820597 
0.0152453581204 
0.0169506880373 
0.0203367112299 
0.022021602653 
0.0237053341775 
0.025390033325 
0.015231417616 
0.00338077105323 
-0.0084486622378 
-0.0118148161393 
-0.0101128014301 
-0.0050528730395 
0.0 
0.0016833622415 
0.0 
-0.00673873331014 
-0.0118039865401 
-0.0134994942964 
-0.0152186215231 
-0.0152278836468 
-0.0152481253876 
-0.0101740485736 
-0.00339283950167 
0.00508702636421 
0.0118644252153 
0.0186322212948 
0.0236697391017 
0.0270166577326 
0.0286489342173 
0.0201973078432 
0.010078554703 
0.0050314442404 
0.00669328404909 
0.0116911696122 
0.0166631509195 
0.0182837519921 
0.01660752171 
0.01326345096 
0.0115953437857 
0.0148830280521 
0.0198124238138 
0.0198087407741 
0.0132006936603 
0.0016487154814 
-0.0016496170698 
0.00165084121138 
0.00661227990662 
0.0115777260103 
0.0165452364091 
0.0215113253028 
0.0248167528802 
0.0281204828851 
0.0231313086724 
0.0214712513276 
0.00825417684037 
0.00329848285635 
0.00329595255349 
0.00164682511714 
0.0 
-0.00328634195898 
-0.00656592722204 
-0.0114822989903 
-0.0196691716723 
-0.0229439032424 
-0.0262369069964 
-0.0311886031665 
-0.0361178735341 
-0.0394236583721 
-0.044361618783 
-0.0493263294242 
-0.0509833668594 
-0.0493534087894 
-0.0460623345347 
-0.044416734688 
-0.0444193984868 
-0.0361996874958 
-0.0378420660461 
-0.0394895294321 
-0.0378462120393 
-0.0378545067503 
-0.0395151215182 
-0.0280043007153 
-0.0230659684588 
-0.0181236678912 
-0.0131805175386 
-0.0148255808134 
-0.0164550171417 
-0.00657775065977 
-0.00493035066054 
-0.00164240574019 
0.0098519771966 
0.0213445274775 
0.0279106578427 
0.0393963598362 
0.0475895423792 
0.0541289650687 
0.0606485489895 
0.0639100598124 
0.0671414207621 
0.076905252864 
0.0801331336711 
0.078489974763 
0.0768823411708 
0.0785344688036 
0.0801812441071 
0.0818323418738 
0.085077126997 
0.0834583864533 
0.0867350873451 
0.0900003024211 
0.0899816346392 
0.0867413260961 
0.0818831523431 
0.0851545275268 
0.0867710332063 
0.085145255125 
0.0868323691142 
0.0836042182051 
0.0804114795367 
0.0853376348127 
0.0903132338622 
0.0903676677933 
0.0921224419345 
0.0971632333562 
0.10216747762 
0.102299704587 
0.0974783145066 
0.0942869438732 
0.0943946357399 
0.0895013645147 
0.0846946687011 
0.0831835438843 
0.0782408971126 
0.068341656503 
0.0683944734696 
0.065083819738 
0.0651636970628 
0.0652912811258 
0.0636217188124 
0.0603706925826 
0.0570751749335 
0.0554525529759 
0.0554552784605 
0.0554361036571 
0.0587722154477 
0.0603666330582 
0.05527973552 
0.0485371451605 
0.04850110557 
0.0534908696241 
0.0584661525503 
0.0667447329027 
0.0734157960331 
0.0817977332669 
0.0834897882664 
0.0802243378531 
0.0869533456438 
0.0952680562527 
0.106842110675 
0.114998738526 
0.11814891141 
0.12133895394 
0.126100631088 
0.129335594674 
0.130936325818 
0.130836493798 
0.129132466512 
0.127327660157 
0.127148867382 
0.122096522853 
0.117138002683 
0.11703703759 
0.111976820916 
0.107011098105 
0.102025082961 
0.0970998939546 
0.0904980129442 
0.0839460197278 
0.0807230701693 
0.0692533901324 
0.0642887576138 
0.0593652489704 
0.0527957992097 
0.051165894198 
0.0462430830797 
0.0413072201626 
0.0363628677652 
0.0330493221127 
0.0280800771326 
0.0198252346708 
0.0165327420533 
0.0115767956772 
0.00827344353308 
0.00496806989391 
0.00165683833483 
0.0 
-0.00497445024079 
-0.00829202394553 
-0.0116077134868 
-0.00828962736581 
-0.00331827785282 
0.00996394100255 
0.0149773614364 
0.0133267590898 
0.0083316751876 
0.00166591695966 
-0.00333144306388 
-0.00665779809478 
-0.0133142103902 
-0.0166481716094 
-0.0183001182635 
-0.0216210514643 
-0.023256583785 
-0.0249005019509 
-0.0248646015853 
-0.0264740792505 
-0.0264558485272 
-0.0264501690802 
-0.0264450317401 
-0.0264351419892 
-0.0264359144898 
-0.0247851205535 
-0.0247855539971 
-0.0247834474474 
-0.0247859405947 
-0.0231323181431 
-0.0231268254276 
-0.0214704043044 
-0.0214635308416 
-0.0197871628146 
-0.0181170159049 
-0.0115151308761 
-0.00164413398234 
0.00822190500985 
0.00986683804182 
0.0164490148724 
0.0164532318769 
0.0164384354286 
0.018064896058 
0.0147758528316 
0.0147807991556 
0.0197165439278 
0.0230006521795 
0.0279134564451 
0.0312065604667 
0.0328605600594 
0.0378317539707 
0.0427461741941 
0.0443174413583 
0.0492038006437 
0.0524463318346 
0.0525027352462 
0.0558164695621 
0.0558210617143 
0.055781354964 
0.0524907344084 
0.0508146849403 
0.0507866836166 
0.052360343139 
0.0523617309124 
0.0540176658727 
0.0573090292184 
0.0557011324652 
0.0606472896312 
0.0672552277107 
0.0672927056268 
0.0656506653835 
0.0656646183227 
0.0657392661738 
0.0641643939129 
0.0642364342274 
0.0627031097283 
0.0578366466007 
0.0563041480958 
0.0579919882024 
0.0597545959585 
0.0631862348028 
0.0649147447483 
0.0633107906153 
0.0617286699979 
0.0517968876231 
0.0468325820916 
0.0484960122068 
0.0467681744761 
0.0450626883598 
0.0367179799638 
0.0166919178012 
0.0350426939823 
0.0300349057239 
0.0233537777303 
0.0183493086856 
0.0116806090663 
-0.00500889926987 
-0.00500866599635 
-0.0150144195282 
0.00333633755744 
0.00333604618876 
0.0400036458661 
0.0383198187434 
0.0399878806656 
0.0532883846619 
0.0466532413563 
0.0483346311146 
0.0316912720784 
0.0 
-0.0116779619239 
-0.00833953517995 
-0.0183365669447 
-0.0166535663472 
-0.0332927985065 
-0.0282763050541 
-0.0514764393388 
-0.0199315387755 
-0.0182670750711 
0.018264836428 
0.0431577069413 
0.0398711585713 
0.0498339358928 
0.0382451263359 
0.0349421395831 
0.0283216429273 
0.0216915539189 
0.0183869208426 
0.00837169743011 
0.00335246838826 
-0.00671059347328 
-0.00838489042498 
-0.0134142434518 
-0.0167758984313 
-0.0184608087475 
-0.0167837196389 
-0.0184605842209 
-0.0151004776774 
-0.0117365667284 
-0.00838071274606 
-0.00838963070254 
-0.00839933591442 
-0.00504820891942 
-0.00336690033824 
-0.00673264022909 
-0.00673185141197 
-0.00504907225075 
0.0 
0.0134895275693 
0.0202437337917 
0.0185642400723 
0.0151955362244 
0.0135073614985 
0.0118210683425 
0.0185632049518 
0.0202266357428 
0.0286256431247 
0.0285776925548 
0.0252111502341 
0.026921000099 
0.0286164548567 
0.0353432250848 
0.0420648286867 
0.0437187369268 
0.0420302302658 
0.0369800108471 
0.0453676051964 
0.0436974973068 
0.0453351107478 
0.0520400839916 
0.0519819322423 
0.0452707169332 
0.0435762819631 
0.0469009102362 
0.0418833963341 
0.035197346466 
0.0351929436682 
0.0368590359537 
0.0335114579995 
0.0351878534273 
0.0368820229495 
0.0335708202175 
0.0251903462761 
0.0235020604372 
0.0218152612066 
0.0150895312465 
0.0184385864418 
0.0268043958188 
0.025120953488 
0.0217726328286 
0.0200992669305 
0.0134012672935 
0.0167440500343 
0.0217623404341 
0.0284402761528 
0.0351309016669 
0.0368051430256 
0.0317815754289 
0.0267567726644 
0.0183916874521 
0.0167176907588 
0.0200586177327 
0.0200570816212 
0.0133673169563 
0.0100236294004 
0.0116896708305 
0.0133542071034 
0.0166839496327 
0.0150158504313 
0.00834314744738 
0.00333615073597 
0.00166756245505 
-0.00166785037298 
0.00333743369737 
0.00835440106601 
0.0133698425084 
0.0183872769338 
0.0217276045493 
0.0250695731935 
0.0267314531219 
0.0300518749462 
0.0317183518285 
0.0317397016903 
0.0317529559234 
0.0317744689105 
0.0317879524646 
0.031804076275 
0.0301356144047 
0.0301368819254 
0.0301514817289 
0.0284994138171 
0.0268326873144 
0.0268582721166 
0.0268956233381 
0.0252373234825 
0.0235958157138 
0.0202509884432 
0.0185730006461 
0.0185710526393 
0.0185644686209 
0.01687641181 
0.0151741894177 
0.0117945790294 
0.0100915728427 
0.0100896324596 
0.00672965828354 
0.0033688038493 
0.00506449489568 
0.00507069347282 
0.0050762870636 
0.00508390230059 
0.00339491150021 
0.0 
0.00170414014676 
0.00170615349784 
0.0 
-0.00171143565513 
0.00171441418016 
0.00686167423456 
0.0137316478229 
0.0188757961261 
0.0223022528476 
0.0205717597367 
0.0274235460845 
0.0291357669806 
0.0308693563596 
0.0291701233787 
0.0257803546746 
0.027522188923 
0.0241462555037 
0.0242024568567 
0.032881246719 
0.0347110389601 
0.0364883512365 
0.0365694246311 
0.0348720867235 
0.0349435154158 
0.0332222351365 
0.0280436716193 
0.0210351660851 
0.0175640005504 
0.0105720913198 
0.00529406789029 
0.00531367478164 
0.00354468138725 
0.00532341409891 
0.00711602988816 
0.00891108072685 
0.00535009446649 
0.00178736553784 
0.00536313604726 
0.0161077734545 
0.0214986700873 
0.0197186552348 
0.0197312085498 
0.0215468947376 
0.0143919887212 
0.0252352827271 
0.0306997812753 
0.0397481351313 
0.0380046354063 
0.0344108943766 
0.0308220198283 
0.030849318891 
0.0199796876372 
0.00908284904897 
0.0145304916043 
0.0145319539834 
0.00545226546688 
0.00727149648361 
0.0145422240927 
0.0218187051497 
0.0127272994317 
0.00363503691442 
-0.0109008241239 
-0.0145314681691 
-0.012703080294 
-0.0126986389825 
-0.00906812939655 
0.00544022549923 
0.0108831194938 
0.0 
-0.00544525320026 
-0.00907629942754 
-0.00907871895878 
-0.0163491564021 
-0.0163474374942 
-0.0108963810099 
-0.0145204202622 
-0.00907174361889 
0.0 
-0.00181222451678 
-0.010854524117 
-0.0162841064417 
-0.0144672477922 
-0.0126525594873 
-0.0144503882736 
-0.0126251223305 
-0.0018012569006 
0.00179672832306 
0.00179280696604 
0.0107385413157 
0.0071320533029 
-0.00177854889828 
0.0 
0.0 
-0.00881247165783 
-0.0123103619279 
-0.00526700002595 
0.00175305291257 
-0.00175097069382 
-0.00349649491403 
0.00349470674385 
-0.00174503264675 
-0.0104646067387 
-0.0191799665896 
-0.0121889503707 
-0.00347797428592 
-0.00521239776232 
-0.00694616511001 
-0.00347050242692 
-0.0017333192549 
0.0 
0.00345636453069 
0.0 
-0.012058320887 
-0.0103262435312 
-0.00687365048323 
-0.00686887431839 
-0.00514543409354 
0.0 
0.00171074165678 
0.0 
0.00341302121812 
0.00681584740444 
0.00681311002542 
0.0034021750503 
-0.00169975051873 
-0.00339163234625 
-0.00508175344803 
-0.00337908374483 
0.00168680378453 
0.00336481783995 
0.00504102972657 
0.00838568702881 
0.00670577310983 
-0.00335194407511 
-0.0066973586612 
-0.00502274387831 
0.0 
0.00167267591385 
0.00334724811959 
0.00502370642479 
0.00503139032279 
0.00167903235511 
0.0 
0.00336572345056 
0.0117849859371 
0.0168495302886 
0.026988261554 
0.0253042433621 
0.0269924875436 
0.0320256091905 
0.0353768398484 
0.0353622310748 
0.028621126354 
0.0303568614506 
0.0354757776742 
0.0355216635649 
0.0372459750391 
0.0372778868526 
0.0322062501156 
0.0322145455766 
0.0322209282054 
0.0271653802802 
0.0288798153567 
0.0306307612783 
0.0374630454667 
0.0392502816833 
0.0410289549251 
0.0427981699096 
0.0463282171104 
0.0463726602378 
0.0361333160283 
0.0327224428976 
0.0345167814632 
0.0362946353701 
0.0415225373657 
0.0415375927569 
0.0363800877111 
0.0312151621143 
0.0312365399052 
0.0295507173348 
0.0295529923272 
0.0243157788141 
0.0173600288634 
0.0138473044456 
0.0138445838944 
0.0138231858892 
0.0138098934305 
0.00690106769728 
0.0 
0.0 
0.00345076485209 
0.00345163722082 
0.00345376831258 
0.00345474122377 
-0.00345423848456 
-0.00863404646164 
-0.0086339533327 
-0.00345445839718 
-0.00172755633801 
-0.00690961852213 
-0.00690706350529 
-0.00689257255531 
-0.00860068816029 
-0.0120164801725 
-0.0119952254884 
-0.00855730038963 
-0.00512203938819 
-0.00170434913545 
0.0 
0.00339732143833 
0.00509245449725 
0.00508719048363 
0.00338242104124 
0.00506977125736 
0.00504995695506 
-0.00167923670963 
-0.00502731203126 
-0.00835932216416 
-0.0116858920695 
-0.00998548248118 
-0.00332323113071 
0.00331235389841 
0.00496385504801 
0.0 
-0.00165336820615 
0.00495628061945 
0.018164762322 
0.0198038327031 
0.0148591823446 
0.00990953722454 
0.00826085634208 
0.00661703982174 
0.00496442847047 
0.00331193881587 
0.00331222729636 
0.00497107713968 
0.00662849508283 
0.00662863650147 
0.00497714508955 
-0.00165967566738 
-0.00331969449546 
-0.00331878196965 
0.0 
-0.00165570854765 
-0.001652676471 
-0.00165098287034 
-0.00164930129795 
-0.00329901470844 
-0.0033002884776 
0.00330194166369 
0.0132028917042 
0.0164749265332 
0.0181220748978 
0.0214002915586 
0.0263281130007 
0.0312524092632 
0.037826190869 
0.0427552219975 
0.0493197496508 
0.0476302819297 
0.0426627840158 
0.03442732979 
0.0278626448096 
0.0262093063942 
0.0261978946735 
0.0261982055101 
0.0261904695053 
0.0229026314529 
0.01960394467 
0.0163216830635 
0.0130521424564 
0.00814222644715 
0.00162504978941 
-0.00324884636187 
-0.00648865342723 
-0.0097177435697 
-0.012948128079 
-0.0145523139319 
-0.0064632151052 
0.00161136862854 
0.00966167452259 
0.00804542109591 
0.00481924983992 
0.00160528028092 
0.00160429590094 
0.00320860121636 
0.00320918280225 
0.0 
-0.00320884938953 
-0.00481062789144 
-0.00641118588848 
-0.00160073847667 
0.00320079469184 
0.00640339532944 
0.00800563456975 
0.00641472110315 
0.00802297814888 
0.0128391712402 
0.0128338080777 
0.0176470877878 
0.0208585060394 
0.0192596402672 
0.0176734311473 
0.0192897182956 
0.0192886834835 
0.0192867176463 
0.0160990475817 
0.0128966706753 
0.0145358527218 
0.017772208085 
0.0210114975915 
0.0242442434904 
0.0242513538735 
0.0226393186288 
0.0194070587369 
0.0161727927026 
0.0161757314108 
0.0161818018004 
0.014591103011 
0.0146087241135 
0.0129910754944 
0.00974450846373 
0.00812341619595 
0.00813542867275 
0.00814697728385 
0.00815276104078 
0.00327178732967 
0.00327729983431 
0.00164287407432 
0.0 
0.00329506752785 
0.0 
-0.00494686194801 
-0.00660645383435 
-0.0132394837351 
-0.0198672696198 
-0.0314961398158 
-0.0381769993314 
-0.0365565529712 
-0.0349792330577 
-0.0216851383129 
-0.0100435369905 
-0.0100509246931 
-0.0016798838466 
0.00504433870125 
0.00336968128644 
0.00168628390375 
0.00337608316774 
0.00168983272403 
0.0135299379886 
0.0220191432592 
0.0271504985345 
0.0288646867038 
0.0204113736038 
0.00510390118055 
-0.00510192569941 
0.0 
0.00340205666605 
0.00170103325496 
0.0 
-0.00511172207163 
-0.0085360589548 
-0.00512761065696 
-0.00171053751541 
0.00513273926775 
0.00855216652823 
0.010256986287 
0.0136777057379 
0.0119740595313 
0.0136843030993 
0.022233066012 
0.0188023587827 
0.0153802119935 
0.0153758696526 
0.0136618063293 
0.0170797294589 
0.017082404541 
0.0205039362046 
0.0187880149114 
0.0153654222584 
0.0153556710823 
0.0136240485901 
0.0135999786787 
0.0237596516958 
0.0237210208219 
0.0203186291151 
0.0236661471349 
0.0253443523311 
0.0219405497881 
0.0235945606485 
0.026905129433 
0.023482811668 
0.0284708336981 
0.0384990687899 
0.0418006701023 
0.0351054484157 
0.03174145834 
0.0366852576068 
0.0383016373791 
0.0365396930849 
0.0381654505824 
0.0414376610309 
0.0397796137212 
0.0314899613722 
0.0281323978103 
0.0297725471401 
0.0330218551876 
0.0346296501546 
0.0312965031232 
0.0263227752076 
0.0246519066014 
0.026247326351 
0.0310973180673 
0.0310592494817 
0.0293951834278 
0.027713943066 
0.0309241462647 
0.0340399927764 
0.0322950951121 
0.0257839153551 
0.0209142973958 
0.0160503827353 
0.0176181275843 
0.0176071129434 
0.0159980491103 
0.0143829738661 
0.00958559947705 
0.00637930426086 
0.00955704110766 
0.0127123013649 
0.0127022210721 
0.0111056492239 
0.0111002733695 
0.0110963644087 
0.0142691338357 
0.0190263757761 
0.0222045410758 
0.0238049624268 
0.0206438245445 
0.0190606429537 
0.0174820366412 
0.0127196054601 
0.00954262264503 
0.00795962302793 
0.00637161417316 
0.00638363205621 
0.0143759390482 
0.01760122673 
0.0192223787932 
0.0176810214399 
0.0160898069574 
0.0112913480581 
0.00646638672388 
0.00647607526491 
0.0048625567543 
0.00162307721954 
0.00162539841744 
0.00162884031248 
0.00489222390072 
0.00818026009838 
0.013095035596 
0.0147503465866 
0.016415996339 
0.0197201757682 
0.0197424982151 
0.0197649240206 
0.0197858126419 
0.0214733125275 
0.0215131260213 
0.0215418594348 
0.0215777929464 
0.0216184578851 
0.0232961698951 
0.0233251012878 
0.0233567107437 
0.0234133940347 
0.0218039450936 
0.0218387717341 
0.0201962738559 
0.0202260424664 
0.0185918304937 
0.0186093910604 
0.0186617077754 
0.0170174815594 
0.0136620199175 
0.0119803308839 
0.0102888691565 
0.0085913470962 
0.00859549648726 
0.00688283308359 
0.00689461419603 
0.00344985036088 
0.0017261839994 
0.0 
0.0 
-0.0017241236923 
-0.00172353891078 
-0.00344273890352 
-0.00344208512984 
-0.00516230152303 
-0.00516129699541 
-0.00687823815474 
-0.00687705007065 
-0.00687861321668 
-0.00687821277609 
-0.00688290028663 
-0.00860721483744 
-0.0086098699919 
-0.0103432474353 
-0.00862328454417 
-0.00863550337354 
-0.00518702833522 
0.00691640522482 
0.0207299965242 
0.0258963420981 
0.0258963420981 
0.0241671882789 
0.0172585806137 
0.012074111195 
0.008619658795 
0.00516884176951 
0.00516042195216 
0.0103100843765 
0.0103051820935 
0.0137197433745 
0.0102849057472 
0.00855576782153 
0.00683468434308 
0.0136716795242 
0.0256500754196 
0.0290930418949 
0.0273760399955 
0.0222206732562 
0.0153621534039 
0.0085295793384 
0.00340885846886 
0.0 
-0.00170286350729 
-0.00510621468089 
-0.00170078687021 
0.0084952733385 
0.00848836208277 
0.00508121580054 
0.0 
-0.00506972427708 
-0.00843953961919 
-0.0134904375633 
-0.0151292835154 
-0.0151204122098 
-0.00670766105587 
0.00502759364848 
0.0100494806339 
0.00836567106814 
0.00501614634118 
-0.00167034646226 
-0.00667557864332 
-0.00999875610168 
-0.00166524139628 
0.00831953272341 
0.013291977859 
0.0116205704229 
0.00663636555392 
0.00165871870869 
-0.00663539600938 
-0.0132770891545 
-0.0165978000335 
-0.0199124223619 
-0.0248849869922 
-0.0265638826169 
-0.0282184569246 
-0.0298809547591 
-0.0298986808314 
-0.0299153471624 
-0.0316086800892 
-0.0317014852297 
-0.0317523488492 
-0.0318370544923 
-0.0319134286698 
-0.0319805809258 
-0.0303593143461 
-0.030394410911 
-0.0304113773027 
-0.0304069545722 
-0.0287194054523 
-0.0287534288113 
-0.0270814525703 
-0.0254313398339 
-0.0254534415731 
-0.0254572556031 
-0.0254572082296 
-0.0237570029439 
-0.0220334894586 
-0.0186317518332 
-0.018625202904 
-0.0169311450372 
-0.0135453360435 
-0.00676776145399 
-0.00506947795122 
-0.00506469833523 
0.0 
0.0 
0.00672870284849 
0.0134307519441 
0.0184665419342 
0.025177510061 
0.0285076018247 
0.0268271794898 
0.0284855477676 
0.0318083147532 
0.0367269316401 
0.0383870428085 
0.033381581025 
0.028356923903 
0.0216587327069 
0.0166461790447 
0.0166207339243 
0.0149477135908 
0.0165919123725 
0.014924457993 
0.0148867970715 
0.0181623199121 
0.0230183263201 
0.02956930247 
0.0295284294616 
0.0278156688072 
0.026164987752 
0.0309794538589 
0.032535225521 
0.0340951127597 
0.0324381082546 
0.0307869095526 
0.029132773662 
0.0275020511502 
0.0307193493551 
0.0323084492547 
0.0322984462876 
0.0338973608546 
0.0258257513154 
0.0209823890973 
0.0226034482637 
0.0226072191968 
0.0226292800591 
0.0177860515855 
0.016175604161 
0.0129410673044 
0.0097072332942 
0.0113216687111 
0.0129352467131 
0.0113140924754 
0.0 
-0.00161535963434 
0.0 
0.0 
-0.00482316121626 
-0.00963916846267 
-0.00961783796362 
-0.0112005348638 
-0.0159716621937 
-0.0207405202512 
-0.0191440934949 
-0.012764397307 
-0.0111666960051 
-0.00957358954649 
-0.00797498159405 
-0.00956828990992 
-0.00478100275637 
0.00318607658266 
0.00637206524926 
0.011145571972 
0.00954842712005 
0.0031802738527 
0.00476682152 
0.00158848194203 
0.0 
0.00317647154088 
0.0047601345892 
0.00634123869606 
0.00633572139179 
-0.00158257705922 
0.0 
0.00316194000778 
0.00316171905713 
0.00158068248435 
0.00473954919799 
0.00157962593923 
-0.00631762360295 
-0.00473986163058 
-0.00316117574999 
0.0 
