-0.0253173930255 
-0.0202393212728 
-0.0202339423684 
-0.0151743386218 
-0.0757035584365 
-0.0958856383622 
-0.0808782867715 
-0.0354882498632 
0.0203131999486 
0.0560182466266 
0.0612067948646 
0.0613732877308 
0.0665799707867 
0.0718535074536 
0.0771245066338 
0.0876740486231 
0.108376167926 
0.12422746988 
0.124437042708 
0.129817238418 
0.13025666387 
0.130506025107 
0.115020110777 
0.104641360516 
0.088969339092 
0.0732683829467 
0.0628638258449 
0.0472675094742 
0.0367905372161 
0.0263398732687 
0.0211003630022 
0.010577607893 
0.00529600543761 
-7.67115210877e-47 
-0.00532677772854 
-0.0106702512897 
-0.0160537919087 
-0.0214528153644 
-0.0268828099153 
-0.0323010945306 
-0.0323418770876 
-0.0378718143988 
-0.0378718143988 
-0.0379536706156 
-0.043437817181 
-0.0435664161477 
-0.0490114157428 
-0.0491063511259 
-0.0491631837249 
-0.0547073145788 
-0.0602475617418 
-0.0602489809679 
-0.0602153941886 
-0.0602045894007 
-0.0656770241208 
-0.0657182552949 
-0.0602938265783 
-0.0548653547595 
-0.0548906909802 
-0.0494444311037 
-0.0495029043412 
-0.0440738876475 
-0.0441439096206 
-0.0441536708298 
-0.0386496043954 
-0.0386649632425 
-0.0386563100781 
-0.0331173293011 
-0.0331462900817 
-0.0276353930026 
-0.0221149646056 
-0.0165893077841 
-0.00553549258447 
7.96216607136e-47 
0.00554636077608 
0.0110894824737 
0.00554270724356 
-8.02641265308e-47 
-0.0110726297411 
-0.0387152140648 
-0.0663081169221 
-0.0882239229923 
-0.0771293296547 
-0.0606116475289 
-0.0497213914211 
-0.0331936686101 
-0.0166194983431 
-0.027731937918 
-0.0333227958526 
-0.0166984355266 
-0.0111393192643 
-0.0167186292879 
-0.0055681241721 
-0.0111249363761 
-0.0277744153068 
-0.0554826951382 
-0.0720135451856 
-0.0663689575615 
-0.0552384376153 
-0.0386641654512 
-0.0110512964727 
0.00552939997137 
0.0276905191563 
0.0387798317922 
0.0443453638193 
0.0388046565309 
0.0166337590617 
0.00554420101822 
0.00554352721063 
0.0110807294315 
0.0221357585154 
0.0331595702516 
0.0496927301872 
0.0551635995864 
0.0551469164826 
0.0275589241087 
-3.99679889218e-46 
-0.0220385431094 
-0.0275447023009 
-0.0110151483415 
1.59599133229e-46 
0.0165113762669 
0.016500970981 
-2.38205477449e-46 
-0.0219463240185 
-0.0437780266405 
-0.0437622164009 
-0.0328118162261 
-0.0164117417454 
2.36953287182e-46 
0.0164170283775 
0.0273611322263 
0.0328349836671 
0.038281645198 
0.0436803579658 
0.0436173499921 
0.0490165721466 
0.0489388091265 
0.054299691227 
0.054242081594 
0.0541732098803 
0.0541477503982 
0.0486922317703 
0.0486646150964 
0.043240435788 
0.0432480894934 
0.0378685334683 
0.0378685334683 
0.0324649992283 
0.0324630071728 
0.0324439172809 
0.0270019670765 
0.0269494786929 
0.0215174306742 
0.0107459817897 
0.0107234369319 
0.00535358243697 
0.2885603786 
0.293162388784 
0.29781079044 
0.297196912648 
0.296766335792 
0.234661429799 
0.168107004663 
0.147588825862 
0.142470439152 
0.127208586669 
0.111977470389 
0.0968087071278 
0.0816187511203 
0.0613053636352 
0.0511617434423 
0.0358690993026 
0.0307452830715 
0.0205023384245 
0.0102532061861 
0.00512939936655 
-7.38585118075e-47 
-0.0102763247507 
-0.0205779563534 
-0.025739812246 
-0.0309565087993 
-0.0413103165109 
-0.0413890352748 
-0.0465879327131 
-0.0518202885853 
-0.0570727819456 
-0.0623541885377 
-0.0623895326109 
-0.0624765676707 
-0.0573196901337 
-0.0573732853191 
-0.0521928070527 
-0.0522196344578 
-0.0470725215046 
-0.041874204352 
-0.0419229532337 
-0.0471991008428 
-0.0472623672401 
-0.0420745592334 
-0.0368767568199 
-0.0369429595365 
-0.0370334558722 
-0.0317739778373 
-0.0317835170696 
-0.026520125992 
-0.0212224489268 
-0.0212525629062 
-0.0159710987705 
-0.0159828041179 
-0.0159999047285 
-0.0106768811235 
-0.00534180502906 
7.77341876849e-47 
0.00535357518518 
0.00536096298825 
0.0107305297633 
0.0161137182834 
0.0161312113544 
0.016156416923 
0.0107810117735 
0.0107857096856 
0.0107876717495 
0.00539420323008 
0.00539348312329 
0.00538962216394 
0.00538687172893 
-7.83262050682e-47 
-0.00537872249732 
-0.021494783121 
-0.0429835544722 
-0.0591166946411 
-0.0806464979618 
-0.096782312607 
-0.0914335683903 
-0.0806700999444 
-0.0699143674284 
-0.0645504448971 
-0.0591991635768 
-0.0699569293409 
-0.0807072637708 
-0.0699193084915 
-0.0537726723593 
-0.0537987279053 
-0.0591964137504 
-0.0538210234444 
-0.0484340295494 
-0.0591803181673 
-0.0805849216519 
-0.091261773343 
-0.101886168865 
-0.0964922885594 
-0.0857868705252 
-0.0697301953046 
-0.053682645595 
-0.0322238341929 
-0.0215115886863 
-0.0107575860508 
-0.00538157797849 
0.00538299348673 
-7.76770573393e-47 
-0.0107845064779 
-0.0215759493304 
-0.0377963902325 
-0.037837813021 
-0.0270437904187 
-0.0162678453598 
-0.010850746666 
-0.00543249930393 
0.0108810260283 
0.00544646976484 
-7.91572678453e-47 
-0.0218062756087 
-0.0491029818687 
-0.065510108614 
-0.0600420012378 
-0.0491225379783 
-0.0272884078506 
-0.00545624459491 
7.91569337497e-47 
-0.0218033778588 
-0.0599490434934 
-0.0708076331017 
-0.0653778716414 
-0.0490238358558 
-0.0272302160795 
-0.00544523029356 
0.0108845585525 
0.0217603526851 
0.0326431286368 
0.0380817095464 
0.0435197019789 
0.054401066222 
0.0598378966477 
0.0653058147017 
0.0707579202751 
0.0707719988708 
0.0762489238241 
0.0762355718783 
0.0762094499453 
0.0762042400512 
0.076183191678 
0.0816114638308 
0.0816042096344 
0.0815227974621 
0.0760217209276 
0.0758967709112 
0.0758175214025 
0.0703427501129 
0.0703090646162 
0.07026627116 
0.0648209104398 
0.0648114230976 
0.0593917633302 
0.0594076255784 
0.0324348569882 
0.0216531294823 
0.0270971738966 
0.0162892625575 
0.00543344208848 
-0.0054316578398 
-0.0325897235993 
-0.0488377389928 
-0.054262300948 
-0.0651324121239 
-0.0597310078924 
-0.0652415113606 
-0.0707196852699 
-0.0762069868853 
-0.0979712514654 
-0.103386976628 
-0.0870638225707 
-0.065334271151 
-0.0435620346413 
-0.0436072584113 
-0.0327221893108 
-0.0218178636879 
-0.0272697082655 
-0.0272561702899 
-0.0326947387746 
-0.0490066456451 
-0.0707863182356 
-0.092555034325 
-0.0816173315558 
-0.0761742599699 
-0.0816229423656 
-0.0924883212636 
-0.103318821196 
-0.0978202367141 
-0.0868769409738 
-0.0705831562626 
-0.0597255154255 
-0.0705747169561 
-0.0868511107753 
-0.0922842477673 
-0.0760563827439 
-0.0598117835278 
-0.0598163092018 
-0.0543666152277 
-0.0489091913951 
-0.0380328395754 
-0.0217347986287 
-0.0163079610115 
-0.0217437034378 
-0.0271674267661 
-0.0217290716848 
-0.00543061515495 
7.8601833929e-47 
0.00542966062625 
-7.85338454766e-47 
-0.0108629674296 
-0.00542996428358 
-0.010854366519 
-0.00542414673431 
7.81675096636e-47 
0.0162521931702 
0.0162239740745 
0.00539810155062 
-7.8171184715e-47 
-0.0107672945547 
-0.0161397853942 
-0.0215148658024 
-0.0161441676388 
-0.0215455464965 
-0.0485166015279 
-0.0593159631505 
-0.0755401029571 
-0.0917666105737 
-0.0918598564045 
-0.0649633818596 
-0.05955107023 
-0.0649613303325 
-0.0486874295166 
-0.0540616791511 
-0.0594210647555 
-0.0539230969747 
-0.0591854312157 
-0.0375560330442 
-0.0267658661998 
-0.0427536567984 
-0.0373402229208 
-0.0319512742591 
-0.0372587570422 
-0.031924714557 
4.62842664847e-46 
0.00531777189544 
-0.00531772980688 
7.68733904005e-47 
-0.0212853869289 
-0.0213222735937 
-0.0213367300307 
-0.0267076773757 
-0.0213828334257 
-0.0106940007146 
-0.0160639543534 
-0.00535890713776 
0.0161175360519 
-2.33387819059e-46 
-0.00537722187119 
-0.00537213648035 
-0.00537029525051 
-0.00537067644635 
7.72074859893e-47 
-0.0107488553579 
-0.0268910493233 
3.89936325467e-46 
0.00538593078735 
-7.79182743543e-47 
-0.0107967007203 
-0.0108042965007 
0.0108117289944 
0.0108352472125 
0.00542124416276 
-7.84910812413e-47 
-0.0271436982136 
-0.0380108475136 
-0.0542963741402 
-0.0597493749306 
-0.0597764584151 
-0.0707054500706 
-0.0707383823226 
-0.0816410687659 
-0.0816642640469 
-0.081685956641 
-0.0925830849116 
-0.0980619507247 
-0.114416913598 
-0.125306751043 
-0.125409651313 
-0.103651909084 
-0.109192217028 
-0.114925769506 
-0.115062347589 
-0.115337365374 
-0.109926287236 
-0.0990043940532 
-0.110130491176 
-0.121299341614 
-0.115925549595 
-0.0939450928151 
-0.116263115611 
-0.121885289078 
-0.116470142271 
-0.116440224165 
-0.13304045283 
-0.138451474722 
-0.138422592017 
-0.143850349215 
-0.149163444469 
-0.1491083732 
-0.143379219373 
-0.126798320745 
-0.115731713848 
-0.0991502955678 
-0.0824885607742 
-0.0877702318611 
-0.0875970974033 
-0.0984131253563 
-0.0927875187545 
-0.0873322172273 
-0.0872495981757 
-0.0980131138015 
-0.0923709306908 
-0.0922701169788 
-0.0975905818437 
-0.097472211638 
-0.124479923136 
-0.135214732353 
-0.129762789434 
-0.129738101077 
-0.140471768636 
-0.129733354392 
-0.118901849459 
-0.108102671593 
-0.097319269291 
-0.102768672431 
-0.108208111449 
-0.113634824842 
-0.124451677118 
-0.129932731964 
-0.135409297089 
-0.130148826094 
-0.11395560834 
-0.113980434749 
-0.114001635009 
-0.103161024015 
-0.108608167642 
-0.103144492673 
-0.0922525415146 
-0.0868546044271 
-0.0814523596544 
-0.0869688851097 
-0.0925670324959 
-0.0872042628215 
-0.0817623959719 
-0.0981488762322 
-0.103522474912 
-0.0925344946777 
-0.0870315690568 
-0.108592822691 
-0.097614756668 
-0.0976216096914 
-0.0921841808648 
-0.103014784057 
-0.0920871436413 
-0.0920656759611 
-0.0975002174279 
-0.0867137275288 
-0.10317064196 
-0.108704872921 
-0.0761247726059 
1.0979343242e-45 
-1.50114236043e-74 
0.00541824944048 
-0.0107948628454 
-0.0430330133056 
-0.0535306916081 
-0.0909101139695 
0.0640025852628 
0.0266439497744 
0.01596086259 
0.0106280481768 
-0.0318243539114 
0.0212034284231 
-0.0794863384908 
-0.0954013372012 
-0.11657047877 
-0.137804327365 
-0.132510324178 
-0.116730505057 
-0.111455278058 
-0.122094317995 
-0.12206226719 
-0.121945744161 
-0.116450813054 
-0.0951872874947 
-0.0899019620513 
-0.0898632256949 
-0.0845264421026 
-0.0632991046977 
-0.05267651658 
-0.0525654843229 
-0.0577390415168 
-0.047088861818 
-0.0417534185678 
-0.0313019798851 
-0.0364654190227 
-0.0468486763394 
-0.0468233498709 
-0.0363657624677 
-0.0363330827398 
-0.031124948889 
-0.0311009682287 
-0.0259158948675 
-0.0103676860263 
-0.00518484586883 
-0.0103716614981 
-0.0155541493056 
-0.0155450530365 
-0.0103531815983 
-0.0206868507284 
-0.0361246111009 
-0.0515743630156 
-0.0669641083042 
-0.0771613753523 
-0.08219747969 
-0.0821068818124 
-0.0871991070516 
-0.0819909668956 
-0.0870944297203 
-0.086975341253 
-0.0869462568645 
-0.0817468946382 
-0.0817063871124 
-0.0765188226323 
-0.0713956327565 
-0.0662750084627 
-0.0611788762104 
-0.0560837975873 
-0.0509908831516 
-0.0458769476548 
-0.0407707590762 
-0.0357034387166 
-0.0255135813477 
-0.0204278502365 
-0.0153468272397 
-0.00512357195907 
7.36592237888e-47 
0.00513723428026 
0.0102894278005 
0.0154674114215 
0.0154962846662 
0.0206740786343 
0.0207198835846 
0.0207546135323 
0.0311701073377 
0.0312381239135 
0.0417022415557 
0.0417606522268 
0.0470264756313 
0.0575133821962 
0.0837448606804 
0.109999167764 
0.136256462321 
0.141534780217 
0.136381656416 
0.131346939969 
0.126158373961 
0.126342915004 
0.121120960427 
0.126563123817 
0.121403749963 
0.105605956938 
0.0951809665841 
0.0741088670745 
0.0582717497614 
0.0423975944587 
0.0371271571736 
0.0318652378923 
0.0212865839118 
0.0212865839118 
0.0106490555971 
0.0106443241775 
0.00532134848764 
-7.69876510919e-47 
-0.00532075303806 
-0.0106507090845 
-0.0159833655645 
-0.021304874017 
-0.0213093995 
-0.0213206751096 
-0.0266572374017 
-0.026658229484 
-0.0266730539338 
-0.032014947011 
-0.0320428795687 
-0.0320708353957 
-0.0267261879276 
-0.0320511233413 
-0.0320508099189 
-0.0374000493767 
-0.0374295743414 
-0.0374214384208 
-0.0374025893104 
-0.0373871379303 
-0.0373775500478 
-0.0373515564983 
-0.037337386155 
-0.0373391142484 
-0.0373899436204 
-0.0427854135724 
-0.0428929880434 
-0.04293110937 
-0.0429925444693 
-0.0430242577638 
-0.0376668776102 
-0.0269147671269 
3.89516701408e-46 
0.0215273393356 
0.0269071790858 
0.037670926247 
0.0430725160537 
0.0484613190602 
0.0431154214342 
0.0323464779938 
0.0269725677373 
0.0107935396854 
0.00539919513158 
-0.0108003748758 
-0.0162071445984 
-0.0270247613875 
-0.0378674877149 
-0.037910261288 
-0.0379594262112 
-0.0433938932825 
-0.043450843807 
-0.0489332216415 
-0.0489412765795 
-0.0434910965846 
-0.0434813517395 
-0.0380398805646 
-0.0380538256606 
-0.0380705079485 
-0.0326449393112 
-0.032673087405 
-0.0326959160999 
-0.0327544222784 
-0.0327618354732 
-0.0327882067705 
-0.0328379042992 
-0.0219247037899 
-0.0164769045325 
-0.0109939836116 
-0.00550088522465 
-0.00550609151514 
-0.00550910103684 
-0.00550973171038 
7.96128071805e-47 
-1.08600109491e-75 
5.72861925037e-107 
0.00552730978346 
0.00553410058802 
0.011070422209 
0.0110770310117 
0.0166259317014 
0.0166329451121 
0.0166485915514 
0.0221982966851 
0.0166431258985 
0.0221839606493 
0.0221800482102 
0.0221862937569 
0.0221853908557 
0.0222103713431 
0.0222281108721 
0.0222670359263 
0.0222745877033 
0.0222901040971 
0.0223154192861 
0.0167536098893 
0.016764668186 
0.0167983452165 
0.0168207520546 
0.016858176336 
0.0168794483014 
0.0225579000605 
0.0225886696952 
0.0169631768274 
0.0226301836508 
0.0226358712022 
0.0169791606754 
0.0226391661049 
0.0169851183754 
0.0169985413657 
0.0113350851093 
0.0113331530588 
-0.0113317242814 
-0.0339874930643 
-0.0453186055684 
-0.0623051116511 
-0.0792213085426 
-0.101811038411 
-0.0960481779681 
-0.0790578058623 
-0.0677155997116 
-0.0394583451017 
-0.0281794687105 
-0.0112677537593 
-0.00563261387072 
8.17176093897e-47 
0.0112811720611 
0.011290030389 
0.016946784191 
0.0226076921073 
0.0282960898743 
0.0283249644731 
0.0283427005948 
0.0340438448114 
0.0340550317261 
0.0340527132166 
0.0340233220019 
0.0226620031563 
0.0226279258148 
0.0169611156664 
0.0169621832967 
0.0169701633776 
0.0226296234368 
0.0226239694961 
0.0113124086083 
-0.0113160286148 
-0.022627095197 
-0.0452605557582 
-0.0452776007777 
-0.0396317019309 
-0.0283215259208 
-0.022670659013 
-0.0169949726285 
-0.0169840750467 
-0.0113157703745 
-0.0113163535761 
-0.0056580977085 
-0.00565729923301 
-0.0226161123929 
-0.0452433712451 
-0.0565735301634 
-0.0622787482594 
-0.0906087206429 
-0.113245209688 
-0.113271011061 
-0.107614234404 
-0.130214474715 
-0.152840545298 
-0.152925582024 
-0.152940345942 
-0.146894314651 
-0.124158149724 
-0.107064203721 
-0.101271650148 
-0.089917253111 
-0.0954057549929 
-0.112022586768 
-0.123157529081 
-0.14547081371 
-0.189988587481 
-0.256777058955 
-0.317453508377 
-0.333241918201 
-0.337737795981 
-0.347855358799 
-0.357540454341 
-0.367359151592 
-0.364830147088 
-0.367584260968 
-0.370197214755 
-0.367798728632 
-0.365527361646 
-0.355731685484 
-0.338622019366 
-0.324140179491 
-0.312066872999 
-0.3 
-0.3 
-0.298601352608 
-0.282286143853 
-0.271311239325 
-0.260190942745 
-0.260230694087 
-0.254795168052 
-0.232660081093 
-0.204589542187 
-0.187612033077 
-0.192729076333 
-0.181292234618 
-0.159042135394 
-0.125993809031 
-0.0656944405618 
-0.0382722875938 
-0.0327974495585 
-0.0655219258143 
-0.0818562171659 
-0.0817769088814 
-0.0981732726253 
-0.119976156747 
-0.196187836686 
-0.250414908186 
-0.298991901107 
-0.302146461466 
-0.302025696533 
-0.3 
-0.304460459342 
-0.311668544461 
-0.316252421849 
-0.318394152743 
-0.320803389966 
-0.318054194726 
-0.30802328648 
-0.3 
-0.3 
-0.288902616276 
-0.273022047682 
-0.267908922074 
-0.267908922074 
-0.257198871562 
-0.262637735769 
-0.252009295024 
-0.246655535631 
-0.246488541431 
-0.235441471959 
-0.229486917415 
-0.229151679529 
-0.223125861539 
-0.211986413709 
-0.195178957411 
-0.178780318855 
-0.173124990877 
-0.162217124073 
-0.145831686176 
-0.11342310338 
-0.0702549467134 
-0.0648684723332 
-0.0649277393124 
-0.0759643709914 
-0.097788133988 
-0.0979736634922 
-0.0925360685617 
-0.0761802244902 
-0.0761626666771 
-0.0706732402708 
-0.0705859336919 
-0.0760079141694 
-0.0705761024605 
-0.0542759978687 
-0.0380167433776 
-0.0326083973209 
-0.0380595408392 
-0.048982325043 
-0.0490135965547 
-0.0326811181975 
-0.0108956080719 
-0.0109072811602 
-0.0109127092198 
-0.0218216157223 
-0.0218236499423 
-0.0327358733903 
-0.0327347995071 
-0.0272686812179 
-0.0218141607495 
-0.0218201381383 
-0.0218307301407 
-0.0218332804207 
-0.0382512683659 
-0.0764946320859 
-0.109190052941 
-0.109098725075 
-0.103455347725 
-0.0871605571087 
-0.0925710600791 
-0.114285748107 
-0.0979071858175 
-0.0760872731183 
-0.0706659855335 
-0.0652430052263 
-0.086991505676 
-0.0978780826713 
-0.0978993974068 
-0.103360249124 
-0.114257727219 
-0.103465942733 
-0.0925998408674 
-0.0762828900954 
-0.0816759890583 
-0.0979720924876 
-0.114215282646 
-0.135750323921 
-0.146339696012 
-0.140671462658 
-0.13505575986 
-0.129360528431 
-0.129186150172 
-0.134335957112 
-0.134176813733 
-0.144431189343 
-0.14952680421 
-0.149168956896 
-0.149073836351 
-0.148949051448 
-0.159482582028 
-0.186052244249 
-0.185969397252 
-0.17527899146 
-0.159274804062 
-0.143352842438 
-0.143373097757 
-0.15923071416 
-0.164437926793 
-0.15379092475 
-0.13258174123 
-0.121932068288 
-0.126980850849 
-0.12145129137 
-0.126587483224 
-0.142352843232 
-0.131854978169 
-0.126614634199 
-0.121361675638 
-0.121336864027 
-0.121217880799 
-0.131688381149 
-0.142064000212 
-0.131509607484 
-0.120797082946 
-0.110180685074 
-0.0996321187613 
-0.104793826215 
-0.120484377113 
-0.104755459997 
-0.125553854583 
-0.156518050403 
-0.166718178253 
-0.161272111635 
-0.140327013699 
-0.119515367351 
-0.103883789832 
-0.0986186510671 
-0.108942857513 
-0.124393185967 
-0.144980704774 
-0.155237370596 
-0.170644924112 
-0.17570740234 
-0.191115357022 
-0.17561588447 
-0.175583804255 
-0.175597274092 
-0.175598339362 
-0.180692277772 
-0.165167812728 
-0.170306363398 
-0.165102474745 
-0.149606803695 
-0.139242081462 
-0.144201657783 
-0.144142344076 
-0.138978482524 
-0.128613154131 
-0.12347382663 
-0.113157551708 
-0.108008196783 
-0.0874147959669 
-0.0667851678341 
-0.0616491681186 
-0.0410853306828 
-0.0359650092472 
-0.0256954209077 
-0.0256967161407 
-0.0205620770787 
-0.0154200636452 
-0.00514153663734 
0.015433691292 
-2.23107697793e-46 
0.00514541823477 
0.00514525273982 
0.020570627681 
0.0205467155183 
0.0154071042048 
0.0205428912757 
0.0256749013322 
0.0462196598931 
0.0616135135393 
0.0666781793376 
0.0666364720453 
0.0768862584006 
0.0974030539798 
0.0922906848216 
0.107637633816 
0.122992380408 
0.184500090171 
0.220220468572 
-0.0718380788865 
-0.0874087701422 
-0.103005761781 
-0.10836135804 
-0.0620383427585 
-0.0207163730673 
-0.0311156855284 
-0.0207749228733 
-0.0467755719481 
-0.0208212311073 
-0.0364751754166 
-0.0312833372782 
-0.015653956153 
2.26450658254e-46 
-0.0156608121426 
0.0052197970707 
0.0104366272403 
-0.0782411401356 
-0.078238577426 
-0.0104333705257 
0.0417374485202 
0.0052205185955 
0.0417618202273 
0.036582349066 
-0.0104560020196 
-0.0209302998696 
-0.0104756464948 
-0.0104870585989 
-0.0157415901439 
-0.00524963881094 
0.0315163208181 
-0.0473279553797 
-0.0473359832876 
-0.0579241458776 
-0.0474400362136 
-0.0369379982729 
-0.010564542609 
-0.010574595465 
-0.0105926331891 
-0.0106090386869 
-0.0106176896131 
-0.0159388337584 
0.00531263486331 
-0.00531081823551 
7.66978231686e-47 
-1.04634108269e-75 
-0.00529292102421 
7.68974452829e-47 
0.00528237370702 
0.010559591388 
0.0158265764195 
0.0210935515375 
0.0316342838472 
0.01582455733 
0.0158299708931 
0.0105537768949 
0.0105551770623 
0.0211107368633 
0.0211215242878 
0.00527927942809 
0.00527457171495 
0.00527360501938 
0.0105568205981 
0.0211167447394 
0.0105675775669 
0.0105708945018 
0.00528704086212 
0.00529022755533 
0.00528985727716 
0.0211526474969 
0.00528516020587 
-7.66482099737e-47 
1.04225281833e-75 
-0.00527211282274 
0.0210614563404 
0.0263008642861 
0.047290548738 
0.0472941546973 
0.0420417603979 
0.0315381631889 
0.0262867611236 
0.026286397066 
0.0262845419687 
0.0262842088193 
0.0210297137192 
0.0157701150647 
0.0210179743984 
0.0105069005636 
0.0105069005636 
0.00525386165303 
0.00525608684488 
-7.64410707086e-47 
0.0104935323226 
-0.0104866674015 
0.00524058634693 
0.0262070598772 
0.0419667595632 
0.0472544307433 
0.0578599226859 
0.0684904236095 
0.0950119021333 
0.105666099722 
0.111070324374 
0.116454554622 
0.121822454811 
0.116619081596 
0.0848886126269 
0.100824992532 
0.11154032204 
0.0957415974738 
0.0852986639593 
0.0801388221865 
0.0748654145788 
0.074963597589 
0.0964248072168 
0.123289554846 
0.144878723914 
0.134338093885 
0.11296566223 
0.113052673582 
0.0969325536382 
0.107699151683 
0.118435013182 
0.11839277152 
0.123648491543 
0.134391814705 
0.134394383122 
0.134344311315 
0.145078640132 
0.150621643643 
0.145360703307 
0.150853453602 
0.161691840125 
0.156476816057 
0.151136846424 
0.156716053897 
0.167610049749 
0.194642351586 
0.216113825011 
0.232232668891 
0.253687124234 
0.270010772188 
0.275861319311 
0.275973218612 
0.281635941817 
0.28178121289 
0.271028967246 
0.265714580619 
0.271053270119 
0.276196334181 
0.275906719699 
0.275636509216 
0.280720099819 
0.269702773698 
0.258809794727 
0.247757312266 
0.231340364771 
0.220504129051 
0.21503111147 
0.214890781527 
0.219963207038 
0.209004081984 
0.187419043557 
0.176548460789 
0.160445920299 
0.14437550057 
0.128289189851 
0.122951680344 
0.112291349937 
0.106948366694 
0.112247585699 
0.117476306906 
0.122609953563 
0.127759218357 
0.127500283527 
0.121977618342 
0.116679038247 
0.105974986466 
0.100637470787 
0.100656715225 
0.10069887879 
0.09011209191 
0.0901004656935 
0.0953611789359 
0.0953442684374 
0.105937771341 
0.116553839751 
0.121925029583 
0.12215112537 
0.11174329122 
0.096005661107 
0.0907474637507 
0.0854883940143 
0.0855864198796 
0.0749703717306 
0.0642933077709 
0.0643328965858 
0.0697371645538 
0.0697547163086 
0.0697736032165 
0.0699482022236 
0.07004772961 
0.0701805189392 
0.0703413964095 
0.0704401777789 
0.0652169489293 
0.0653652585474 
0.0600086252525 
0.0600284894127 
0.0546167886561 
0.0491981045237 
0.0438147449974 
0.0438416716275 
0.0329119034369 
0.0274508293041 
0.0219661142232 
0.0054964049545 
-7.97932187985e-47 
-0.00550558708983 
-0.016524308548 
-0.0220628261376 
-0.0276048008521 
-0.0497545800146 
-0.0663903612509 
-0.0720073125457 
-0.0720449265853 
-0.0665283211699 
-0.0665794667275 
-0.0443991190781 
-0.0333011384487 
-0.0277468510614 
-0.0277420393568 
-0.0166469677017 
-0.00555275883332 
0.00555592205143 
0.0166844835705 
0.0278129652116 
0.0166950608135 
0.0166956872452 
0.0278318802666 
0.0166983898759 
-2.41650002969e-46 
-0.00556531074179 
-0.00556951764205 
0.0055750957277 
0.0278825698387 
0.0223111695475 
0.00557713379583 
-0.00557806586142 
0.00557991609842 
0.0167393028811 
0.0167499163603 
0.0111683129257 
0.0111717131092 
0.0223383854809 
0.0446804365815 
0.0614586246187 
0.100564888276 
0.117400609782 
0.123051886796 
0.106296183159 
0.0782146288914 
0.0781233061316 
0.0724425355365 
0.0834981980507 
0.0889365996235 
0.0777937265301 
0.0555054318293 
0.0443203473985 
0.0331944666883 
0.0386757096151 
0.0552212463316 
0.0606674996658 
0.0661587221273 
0.0716713858906 
0.0661742552749 
0.0441272109954 
0.0275707121694 
0.0165310263216 
0.0275516464211 
0.0275504240563 
0.0275532010824 
0.0220398859444 
0.0220126780639 
0.0110001160221 
-1.59651586237e-46 
2.16788229886e-75 
0.0109661204527 
0.0328646045395 
0.038299996762 
0.0327986689818 
0.0436882108122 
0.0491291186816 
0.0109048372859 
-0.0217985747393 
-0.0272327412834 
-0.0326824084718 
-0.0490418613744 
-0.0926077970038 
0.0381025767527 
0.0489789450134 
0.0652937898082 
0.0706861755769 
0.0543426876514 
0.0326074399175 
-0.00543816664607 
-0.0435042467326 
-0.0707010724824 
-0.114189873522 
-0.12509041341 
-0.0544024844587 
-0.0380872326269 
-0.016335620647 
0.00544731582485 
0.0109091212058 
-1.57453237263e-46 
-0.021825549835 
0.0490652697874 
0.0490108040381 
0.0598062713591 
0.0433972494855 
0.0596195755906 
0.0541516515848 
0.113623592111 
0.0378433082086 
0.0324122296822 
0.0324084098616 
0.0270042981755 
0.0378274510963 
0.0432707185497 
0.0487416382018 
0.0487596454832 
0.04876193763 
0.0487811600381 
0.0487751678813 
0.0487855321331 
0.0487995233792 
0.0487959322885 
0.0542535210238 
0.0488503987581 
0.0488777684738 
0.0434988815258 
0.0380790272209 
0.0380947103029 
0.0326904411965 
0.0327489916143 
0.0328405204712 
0.0328887239573 
0.027427519163 
0.0274542369184 
0.0274916865968 
0.0275135082938 
0.0220195964125 
0.0220555004985 
0.016551847166 
0.0165621996978 
0.0110439903321 
0.0110467521596 
0.0220834912228 
0.0496352174766 
0.0716186332605 
0.0990936642174 
0.104510812208 
0.0934736351931 
0.0768954948463 
0.0603691845406 
0.0438627965269 
0.0328727404851 
0.0437974272442 
0.0492671318377 
0.0601960875868 
0.0764803732886 
0.0654795686611 
0.0761951985016 
0.0923073537699 
0.103015531968 
0.108294612785 
0.0973741258812 
0.0973400359284 
0.102692467454 
0.124283778457 
0.129695977256 
0.124290702329 
0.11892336363 
0.108144198212 
0.10821400864 
0.0974894531315 
0.103109056464 
0.11956236337 
0.119768839769 
0.114411627445 
0.109025877005 
0.114560856568 
0.131014753137 
0.125651209991 
0.131282910699 
0.13681087259 
0.153305547113 
0.169624331876 
0.175017164784 
0.180368396555 
0.185708502526 
0.185592547959 
0.180056470225 
0.179674321454 
0.174054967293 
0.168482164467 
0.163034377644 
0.146897219104 
0.141541757911 
0.147317620262 
0.142177878477 
0.131500112117 
0.12625982957 
0.126396169968 
0.132140645541 
0.137803434778 
0.137971648382 
0.132469401465 
0.132485565605 
0.115993565543 
0.0884736554624 
0.06637892274 
0.0498222641939 
0.0498179300435 
0.0442915232401 
0.0553600119178 
0.055328959991 
0.0498047516363 
0.0443012877741 
0.0442876587688 
0.0442677048942 
0.0387157621993 
0.0331898973898 
0.0332115553113 
0.0332215420684 
0.038790069467 
0.0444029149961 
0.0389092175642 
0.0222480757296 
0.0278225197567 
0.0389843442873 
0.0334205954705 
0.0334314180664 
0.0334431631734 
0.0222857752906 
0.0222866845332 
0.0334051760301 
0.0333862341544 
0.0333584536526 
0.0222153870469 
0.0111012850888 
-1.60209859966e-46 
0.0111099484812 
0.0222225252939 
0.0222225252939 
0.0222097087493 
0.0166461043443 
0.00554235061301 
0.00553914893866 
-8.02292135418e-47 
0.0110711299829 
0.0221189269322 
0.022056890656 
0.0220220809369 
0.0219484640092 
0.0109450668615 
0.0109220562134 
0.0218115724496 
0.0217980708528 
0.0217698409615 
0.0326443101782 
0.0326189034383 
0.0488973037299 
0.0760335908859 
0.0705978842634 
0.0705933032082 
0.0705690842718 
0.0759967704669 
0.09767155552 
0.0758312407482 
0.0648562271217 
0.0594120903023 
0.043063954882 
0.0699080060686 
0.0752625032064 
0.0645255376047 
0.0537610519447 
0.0537111168616 
0.0644012837253 
0.0696658068246 
0.0749168571356 
0.0747694789723 
0.0693507263672 
0.0585828577671 
0.0637805590378 
0.0583909574043 
0.0530339306692 
0.0423723851263 
0.0581856812307 
0.0792615928851 
0.0842891249227 
0.105223390927 
0.131202391409 
0.162532703283 
0.182848552636 
0.182711661856 
0.161402273244 
0.160763560743 
0.170983343733 
0.186183540109 
0.20068410186 
0.20560044787 
0.220438495441 
0.235018474351 
0.239741000358 
0.239208218849 
0.238944355715 
0.23326195727 
0.22796685125 
0.217186375657 
0.217109425047 
0.211806006727 
0.211556165236 
0.20132813751 
0.190908962604 
0.180629963418 
0.170431689 
0.165373272226 
0.16050013575 
0.150538943862 
0.145640406759 
0.140652593811 
0.135633745968 
0.130614461726 
0.135578593838 
0.145475651124 
0.1604684656 
0.175420943285 
0.175566865587 
0.160723713611 
0.145745014742 
0.130668704422 
0.120632506346 
0.105594070098 
0.0906016095634 
0.0806419866312 
0.0706592037869 
0.0606625912156 
0.0506435687898 
0.0405898203606 
0.0304872141006 
0.020340531618 
0.01525866077 
0.0101743471583 
0.00509040623334 
-7.42276874331e-47 
1.00323087264e-75 
-0.0102197369192 
-0.0102474451331 
-0.0153954928318 
-0.0154222156419 
-0.01545681243 
-0.0154839937451 
-0.0207159722605 
-0.020744870051 
-0.0207847235455 
-0.0260844753135 
-0.0313398946192 
-0.0261973382857 
-0.0105148187309 
0.00526980460336 
0.0211766066289 
0.0265405809127 
0.031998335796 
0.021377327842 
0.00536414051303 
-0.00538131117198 
-0.0161615351341 
-0.0269667262876 
-0.0270323354177 
-0.0378604402949 
-0.0433033320682 
-0.0433128402282 
-0.0488193468868 
-0.0488426577294 
-0.0543061466673 
-0.065154194352 
-0.0705522030073 
-0.0759464956118 
-0.0813438882599 
-0.048797995526 
-0.0108312210254 
0.0270675909803 
0.0378519819785 
0.0323991142112 
0.016188255236 
-2.34013246001e-46 
-0.00539310950565 
7.81658391856e-47 
0.0215893678585 
0.0378172864071 
0.0432493073781 
0.0487569997565 
0.048786673493 
0.0488515234236 
0.0325953361199 
0.0108698855876 
-0.0162976747155 
-0.0380109181672 
-0.0596933965245 
-0.07583245709 
-0.0865552226588 
-0.0917846650261 
-0.0647075776278 
-0.0322893954917 
-0.0161196022407 
-0.0214437587699 
-0.0374558466462 
-0.0533849431825 
-0.0585769801866 
-0.0532067198557 
-0.0424930782493 
-0.037148842507 
-0.047681834653 
-0.0634744967932 
-0.0634626971722 
-0.042292018144 
-0.00528210917152 
0.00528499765558 
-0.00528891952659 
-0.0211842399332 
-0.0370923991642 
-0.0530071719273 
-0.0689173905114 
-0.0795072281876 
-0.090091627228 
-0.0741074485357 
-0.0687890026153 
-0.0264445040299 
-0.0105675883706 
-0.0105594818561 
-0.00527605287467 
7.60379843808e-47 
0.0105286916986 
0.0210357364812 
0.0367866727104 
0.0630155495348 
0.0735070441897 
0.0840570787634 
0.0999211863366 
0.115713446743 
0.126304429001 
0.142124530327 
0.158030333304 
0.163339104122 
0.158117089427 
0.14757323653 
0.142301109143 
0.142309643348 
0.115975560056 
0.121237367142 
0.126515464885 
0.121250649961 
0.121277224327 
0.126597456105 
0.0897194059976 
0.0738981133621 
0.0580641071608 
0.0422273784418 
0.0474977867747 
0.0527181299274 
0.0210736160848 
0.0157957214187 
0.00526189419672 
-0.0315634927281 
-0.0683830082405 
-0.0894193955461 
-0.126216970704 
-0.152466062887 
-0.173416884878 
-0.194304147969 
-0.204753286359 
-0.215105831417 
-0.246386927323 
-0.256728322796 
-0.251464015621 
-0.246313523472 
-0.2516065644 
-0.256882457683 
-0.262172199155 
-0.272567752209 
-0.267381675916 
-0.27787947983 
-0.288340485804 
-0.288280678479 
-0.277899467368 
-0.262334984335 
-0.272815725891 
-0.277994642188 
-0.272786019226 
-0.278191148478 
-0.267848887659 
-0.257620079601 
-0.273402359962 
-0.289343046921 
-0.289517440848 
-0.295139337827 
-0.3 
-0.305677361762 
-0.305724009262 
-0.3 
-0.3 
-0.3 
-0.286742002305 
-0.271342442873 
-0.266501142877 
-0.250666027516 
-0.21895111357 
-0.21912032711 
-0.208513746025 
-0.208769654794 
-0.209178405096 
-0.203829507419 
-0.193413959279 
-0.182855870758 
-0.177657359298 
-0.17766609113 
-0.177604659424 
-0.188292802336 
-0.193400953487 
-0.1771036915 
-0.155501966534 
-0.155386503888 
-0.171372572298 
-0.187312246469 
-0.213834933798 
-0.235207501802 
-0.262061321055 
-0.267482280179 
-0.257020520238 
-0.278578729746 
-0.3 
-0.312399397839 
-0.324603628747 
-0.32915331847 
-0.333943314295 
-0.341215568214 
-0.345845706508 
-0.348076953867 
-0.347784789866 
-0.345186863398 
-0.34259452116 
-0.342469556056 
-0.33467582729 
-0.327355931135 
-0.327388735586 
-0.319593415297 
-0.31219977692 
-0.304743915784 
-0.3 
-0.289935037046 
-0.268943941948 
-0.258618345073 
-0.221872100617 
-0.205966547927 
-0.190192746774 
-0.169145724881 
-0.163923880173 
-0.148152313732 
-0.132338932298 
-0.116498352501 
-0.10588250636 
-0.0899621763929 
-0.0635155398635 
-0.052967142855 
-0.0370894185887 
-0.0265062301284 
-0.0159165652579 
-0.00530813294523 
7.65897432456e-47 
0.0159370064372 
0.0265657575411 
0.0371884722143 
0.0265580794452 
0.0106310070341 
-0.0319221992805 
-0.0479840573472 
-0.0426959030889 
-0.0266927910965 
-0.00533721879298 
0.0106731853741 
0.0213300698486 
0.0426556999112 
0.0533369528818 
0.0586294139954 
0.0692689281603 
0.0745088014853 
0.0797755411496 
0.079660524549 
0.0848169246875 
0.0847585175992 
0.0847403219434 
0.084723863075 
0.0846921785638 
0.08469465348 
0.0794058854122 
0.0794072740666 
0.079400525161 
0.0794085126373 
0.07411068265 
0.0740930852397 
0.0687862889457 
0.0687642679352 
0.0633935663009 
0.0580427957109 
0.0368918586004 
0.00526743109126 
-0.0263411124296 
-0.031611103494 
-0.0526989000225 
-0.0527124103454 
-0.0526650058926 
-0.0578758155832 
-0.0473384696388 
-0.047354316535 
-0.0631673194597 
-0.0736888548687 
-0.0894283616313 
-0.0999787174394 
-0.105277755701 
-0.1212043296 
-0.136949013524 
-0.141982995913 
-0.157637778978 
-0.168026110946 
-0.16820681464 
-0.178823265216 
-0.178837977427 
-0.178710766036 
-0.168168366687 
-0.162798685643 
-0.162708975775 
-0.167750622736 
-0.167755068846 
-0.173060307585 
-0.183605086664 
-0.178453751407 
-0.194300113272 
-0.215470442979 
-0.215590513693 
-0.210329790465 
-0.210374492507 
-0.210613647232 
-0.205568114933 
-0.205798915705 
-0.200886492979 
-0.185295452676 
-0.180385676247 
-0.185793131814 
-0.191440125913 
-0.202434315764 
-0.207972068238 
-0.20283336424 
-0.197764609856 
-0.1659454395 
-0.150040934402 
-0.155370185912 
-0.14983458706 
-0.144370597695 
-0.117636051165 
-0.0534771057243 
-0.112268816159 
-0.0962250023003 
-0.0748201887657 
-0.0587870089125 
-0.0374220130605 
0.0160473732861 
0.0160466259309 
0.048102783039 
-0.0106888662175 
-0.0106879327386 
-0.128162576932 
-0.122767978053 
-0.128112068818 
-0.170723856562 
-0.149466367502 
-0.154853157621 
-0.101531623128 
1.47157613961e-45 
0.0374135322188 
0.0267179727232 
0.0587461872747 
0.0533542363941 
0.106662549313 
0.090590845994 
0.164918796128 
0.0638561140212 
0.0585235511274 
-0.0585163790244 
-0.138267470785 
-0.127738117792 
-0.159656588904 
-0.122528680578 
-0.111946662749 
-0.0907360982213 
-0.0694948019791 
-0.0589075097036 
-0.0268210132529 
-0.0107405457283 
0.0214992142256 
0.0268632806059 
0.0429761830743 
0.0537461605499 
0.0591442297348 
0.0537712179191 
0.0591435104026 
0.0483784937634 
0.0376012886745 
0.0268498962734 
0.0268784673763 
0.0269095606664 
0.0161733124568 
0.0107867824114 
0.0215698470135 
0.021567319823 
0.0161760783739 
-2.33375791618e-46 
-0.0432173762529 
-0.0648563158007 
-0.0594756001593 
-0.0486830397134 
-0.0432745121031 
-0.0378720126145 
-0.059472283869 
-0.0648015375433 
-0.0917100456663 
-0.0915564229532 
-0.0807707875486 
-0.0862487573714 
-0.0916806085468 
-0.113231649413 
-0.134766137585 
-0.140064883174 
-0.134655292119 
-0.11847553848 
-0.145347481844 
-0.139996836265 
-0.145243377026 
-0.166724585315 
-0.166538280345 
-0.145037073899 
-0.139608489891 
-0.150259842227 
-0.13418486962 
-0.112764287519 
-0.112750181957 
-0.118087962454 
-0.107363084563 
-0.112733873983 
-0.118161607557 
-0.1075532676 
-0.0807041364021 
-0.0752952528108 
-0.0698911319744 
-0.04834342389 
-0.0590730345247 
-0.0858751837956 
-0.0804818177021 
-0.0697545603531 
-0.0643934768567 
-0.0429346104161 
-0.0536441255343 
-0.0697215858634 
-0.0911161720758 
-0.112551413505 
-0.117915301778 
-0.101820934511 
-0.0857226100475 
-0.0589227808355 
-0.0535596764149 
-0.0642632460782 
-0.0642583247266 
-0.0428258412627 
-0.0321134273228 
-0.0374510448907 
-0.0427838402776 
-0.0534515775259 
-0.0481073673271 
-0.0267295456059 
-0.0106882676841 
-0.00534249058573 
0.00534341300924 
-0.0106923780004 
-0.0267655996388 
-0.0428339325567 
-0.0589086505385 
-0.0696102999941 
-0.080317206932 
-0.0856414919956 
-0.0962793678265 
-0.101618380484 
-0.101686780582 
-0.101729244129 
-0.101798166843 
-0.101841365082 
-0.101893022101 
-0.0965476499932 
-0.0965517108413 
-0.0965984852888 
-0.0913056356931 
-0.0859658233087 
-0.086047791192 
-0.0861674560048 
-0.0808546406798 
-0.0755956233794 
-0.064879558053 
-0.0595036670442 
-0.0594974260735 
-0.0594763323772 
-0.0540681825396 
-0.0486146494031 
-0.037787146884 
-0.0323311026486 
-0.0323248861027 
-0.0215602935387 
-0.0107928808277 
-0.0162254890182 
-0.0162453478486 
-0.0162632684405 
-0.0162876659266 
-0.0108765237993 
1.58346608867e-46 
-0.00545967718526 
-0.00546612750389 
7.92088856137e-47 
0.00548305033368 
-0.00549259285 
-0.0219832426003 
-0.0439930744412 
-0.0604737548489 
-0.0714513423577 
-0.0659072362731 
-0.0878588003347 
-0.0933443664017 
-0.0988983922247 
-0.093454436482 
-0.0825943890307 
-0.0881748295391 
-0.0773591071918 
-0.0775391635358 
-0.10534403105 
-0.111206268949 
-0.116900372984 
-0.117160113689 
-0.11172222933 
-0.111951070603 
-0.106436480335 
-0.0898455414138 
-0.0673918847467 
-0.0562710603755 
-0.0338705744882 
-0.0169609886445 
-0.017023804662 
-0.0113563524313 
-0.017055007218 
-0.0227981402256 
-0.0285490745775 
-0.0171404850436 
-0.00572631239703 
-0.0171822673002 
-0.0516056401828 
-0.0688768460811 
-0.0631740836069 
-0.0632143015711 
-0.0690313468851 
-0.0461086563923 
-0.080848102564 
-0.0983551122481 
-0.127343978689 
-0.121758202373 
-0.110244674013 
-0.0987467367518 
-0.0988341967356 
-0.0640103720158 
-0.0290993811888 
-0.046552388108 
-0.0465570732379 
-0.0174678176757 
-0.0232962198148 
-0.0465899763307 
-0.0699021655842 
-0.0407753707753 
-0.0116458309764 
0.0349237595764 
0.0465555167993 
0.0406977781699 
0.0406835492189 
0.0290522227725 
-0.0174292443595 
-0.0348670379708 
5.02565293968e-46 
0.0174453519694 
0.0290783976924 
0.0290861493198 
0.0523789762106 
0.0523734692209 
0.0349095248503 
0.04652012182 
0.0290638019183 
-4.18668546101e-46 
0.0058059549079 
0.0347754248915 
0.0521705709423 
0.0463497693279 
0.0405359210035 
0.0462957552673 
0.0404480185976 
0.00577081716177 
-0.00575630863 
-0.00574374549457 
-0.0344038423927 
-0.0228494755997 
0.00569806589045 
-8.25919375455e-47 
1.12214264856e-75 
0.0282331535628 
0.039439597904 
0.0168742693675 
-0.00561638255486 
0.00560971159987 
0.0112019739379 
-0.0111962450476 
0.0055906874485 
0.0335262183529 
0.0614482477876 
0.0390506229066 
0.0111426380605 
0.0166993361418 
0.0222539321359 
0.0111186999248 
0.00555316040685 
-8.01963051263e-47 
-0.0110734053229 
1.60818248033e-46 
0.0386321157708 
0.033082934126 
0.0220216117753 
0.0220063100302 
0.0164847997872 
-2.38584341846e-46 
-0.00548082692092 
7.91597735622e-47 
-0.0109345432139 
-0.0218364238663 
-0.0218276539269 
-0.0108997945607 
0.00544561381609 
0.0108660181363 
0.0162807814921 
0.0108258152733 
-0.00540413542625 
-0.0107801105609 
-0.0161503119568 
-0.0268658327432 
-0.0214837708781 
0.0107388659483 
0.0214568128998 
0.0160917282607 
-2.33048377941e-46 
-0.00535887294394 
-0.0107238211755 
-0.0160948120405 
-0.0161194295009 
-0.00537923753507 
7.75485975854e-47 
-0.0107830119312 
-0.0377564127996 
-0.053982060263 
-0.0864642477653 
-0.0810690367438 
-0.086477786874 
-0.102602763143 
-0.113339343465 
-0.113292540279 
-0.0916955749608 
-0.0972564751748 
-0.113656317742 
-0.113803325693 
-0.11932762722 
-0.119429865408 
-0.103181495555 
-0.103208072324 
-0.103228520815 
-0.0870316958536 
-0.0925243556507 
-0.0981339878858 
-0.120023071467 
-0.125748969548 
-0.131447433807 
-0.137115595962 
-0.148425063791 
-0.148567449456 
-0.115762920979 
-0.104835259749 
-0.11058391214 
-0.116279751436 
-0.133028759613 
-0.133076993659 
-0.116553521288 
-0.100006275161 
-0.100074764738 
-0.0946737728979 
-0.0946810614557 
-0.0779022212964 
-0.0556175815123 
-0.0443636119379 
-0.0443548959112 
-0.0442863415725 
-0.0442437555599 
-0.0221094502892 
3.20326173166e-46 
-4.35940758505e-75 
-0.0110554652271 
-0.011058260098 
-0.011065087631 
-0.011068204617 
0.011066593955 
0.0276615198419 
0.027661221478 
0.011067298505 
0.00553469733273 
0.022136845186 
0.0221286594936 
0.0220822337878 
0.0275546474364 
0.0384980676441 
0.0384299724736 
0.0274156428938 
0.0164098484757 
0.00546034673745 
-7.92219153417e-47 
-0.0108842446926 
-0.0163150652183 
-0.0162982005167 
-0.0108365072115 
-0.0162423932802 
-0.0161789127652 
0.00537989224046 
0.0161063635831 
0.0267813657173 
0.0374389386006 
0.0319912132754 
0.0106468762092 
-0.0106120280324 
-0.0159030618509 
2.30384299716e-46 
0.00529701544271 
-0.0158787951056 
-0.0581957643646 
-0.0634469728298 
-0.0476054384333 
-0.0317479019575 
-0.0264659036331 
-0.0211994896179 
-0.0159048989659 
-0.0106106982024 
-0.0106116224283 
-0.0159261997889 
-0.0212361896673 
-0.0212366427405 
-0.0159456401193 
0.00531722311299 
0.0106355456347 
0.0106326221097 
-1.53799233808e-46 
0.00530451336426 
0.00529479928071 
0.00528937336967 
0.00528398599444 
0.0105692923036 
0.0105733731701 
-0.0105786696021 
-0.0422990601762 
-0.0527819150866 
-0.0580590035727 
-0.068561663665 
-0.0843492820435 
-0.100125606549 
-0.121186506688 
-0.136978000626 
-0.158009253208 
-0.152596583135 
-0.136681850371 
-0.110297329337 
-0.0892655727154 
-0.0839686527155 
-0.0839320921594 
-0.0839330880094 
-0.0839083036105 
-0.0733748187692 
-0.0628065770642 
-0.0522909578864 
-0.0418160938956 
-0.0260858404487 
-0.00520628968048 
0.0104085643391 
0.0207881688293 
0.0311334387377 
0.0414828555028 
0.0466223018793 
0.020706670235 
-0.00516245835475 
-0.0309538062715 
-0.0257756981353 
-0.0154397796748 
-0.00514295267461 
-0.0051397989452 
-0.0102796280522 
-0.0102814913211 
1.48145000064e-46 
0.0102804231426 
0.0154121569142 
0.020539980466 
0.00512840176747 
-0.0102546177243 
-0.0205150212879 
-0.0256482311605 
-0.0205513064892 
-0.0257037960408 
-0.0411337825889 
-0.0411166002368 
-0.0565372529744 
-0.0668259061663 
-0.061703504118 
-0.0566216511029 
-0.0617998672753 
-0.0617965519729 
-0.061790253878 
-0.0515776844723 
-0.0413179976925 
-0.0465695639084 
-0.0569381099306 
-0.0673160562801 
-0.0776730383999 
-0.0776958184492 
-0.0725312244079 
-0.0621757993439 
-0.0518139470561 
-0.0518233620081 
-0.051842810155 
-0.0467465732607 
-0.0468030272626 
-0.0416204492473 
-0.0312191873668 
-0.0260255766849 
-0.0260640619267 
-0.0261010610483 
-0.0261195908892 
-0.0104820619787 
-0.010499722789 
-0.0052633946327 
7.55492025344e-47 
-0.0105566464354 
1.53083601057e-46 
0.015848619826 
0.0211655745236 
0.0424162927153 
0.0636502102733 
0.100906463769 
0.122310417161 
0.11711887582 
0.112065501799 
0.0694742478377 
0.0321772067108 
0.0322008752285 
0.00538196552004 
-0.0161609131586 
-0.0107956919366 
-0.00540246984655 
-0.0108162021072 
-0.00541383945907 
-0.0433468420392 
-0.0705443236695 
-0.0869840181272 
-0.09247588689 
-0.0653933956054 
-0.0163517377865 
0.0163454087945 
-2.35632941415e-46 
-0.0108994152845 
-0.00544972341102 
7.84727059839e-47 
0.0163767941416 
0.027347590171 
0.0164276975529 
0.00548017289843 
-0.0164441284546 
-0.0273991951703 
-0.0328610496777 
-0.0438202562776 
-0.038362161564 
-0.0438413927218 
-0.0712296834828 
-0.0602384783142 
-0.0492746988475 
-0.0492607869755 
-0.0437693181908 
-0.0547195660135 
-0.0547281363679 
-0.0656899451122 
-0.0601925238151 
-0.0492273159022 
-0.049196075353 
-0.0436483509877 
-0.0435712364697 
-0.0761205165781 
-0.0759967520503 
-0.0650962633715 
-0.075820949246 
-0.0811975367522 
-0.0702925280751 
-0.0755916024357 
-0.0861979113696 
-0.0752335841352 
-0.0912140714966 
-0.123342254406 
-0.1339198336 
-0.112469867081 
-0.101692408488 
-0.117531216181 
-0.1227097291 
-0.117064860581 
-0.122273417598 
-0.132756835153 
-0.127444828927 
-0.100886669442 
-0.0901297999366 
-0.095384465108 
-0.105794508583 
-0.110945517739 
-0.100266873241 
-0.0843321809692 
-0.0789790982277 
-0.0840904600042 
-0.0996287296543 
-0.0995067665702 
-0.094175477658 
-0.0887891661718 
-0.0990739266109 
-0.109056389699 
-0.103466134704 
-0.0826057966408 
-0.0670046489747 
-0.0514217733801 
-0.0564444710735 
-0.0564091826708 
-0.051254108356 
-0.0460797748485 
-0.0307100791395 
-0.020437838987 
-0.0306185846236 
-0.0407273203826 
-0.0406950254188 
-0.0355799725806 
-0.0355627495665 
-0.0355502261457 
-0.0457150572997 
-0.0609561777769 
-0.0711382960792 
-0.0762656818483 
-0.066138115516 
-0.0610659620151 
-0.0560084666646 
-0.0407507210412 
-0.0305723911508 
-0.0255008206522 
-0.0204132016962 
-0.0204517042584 
-0.0460572368928 
-0.0563903245828 
-0.0615841268354 
-0.0566459686729 
-0.0515480796151 
-0.0361749093823 
-0.0207168313795 
-0.0207478712599 
-0.0155785251723 
-0.00519997001553 
-0.00520740660533 
-0.00521843365371 
-0.0156735719575 
-0.0262076916112 
-0.0419535137527 
-0.0472567534346 
-0.0525931161564 
-0.0631789550499 
-0.0632504710895 
-0.0633223182663 
-0.063389240655 
-0.0687956062304 
-0.0689231596036 
-0.0690152149209 
-0.0691303377139 
-0.0692606189226 
-0.0746356263726 
-0.0747283159702 
-0.074829585473 
-0.0750111858368 
-0.0698548777239 
-0.0699664543538 
-0.0647042649677 
-0.0647996368208 
-0.0595639935903 
-0.0596202536495 
-0.0597878644975 
-0.0545201379106 
-0.0437700024789 
-0.0383822535506 
-0.0329631951353 
-0.027524720793 
-0.0275380144976 
-0.022051030737 
-0.02208877474 
-0.0110525354054 
-0.00553030067216 
7.98760745045e-47 
-1.08975833425e-75 
0.00552369991712 
0.00552182641022 
0.0110297519145 
0.0110276573724 
0.0165388391925 
0.0165356209146 
0.0220363096308 
0.0220325032797 
0.0220375112438 
0.0220362283233 
0.0220512460403 
0.0275755574246 
0.0275840639352 
0.0331374107649 
0.0276270411077 
0.0276661874561 
0.0166180582711 
-0.0221585882368 
-0.0664141909273 
-0.0829659863383 
-0.0829659863383 
-0.0774261710393 
-0.0552925644089 
-0.038682704324 
-0.0276154250325 
-0.0165597926537 
-0.0165328174752 
-0.0330311638719 
-0.0330154580728 
-0.043954935298 
-0.032950497274 
-0.0274107328944 
-0.0218967731306 
-0.0438009496604 
-0.0821770039481 
-0.0932074849507 
-0.0877066016372 
-0.0711899799138 
-0.0492168432364 
-0.0273268309547 
-0.0109212067127 
1.57634985263e-46 
0.00545558712294 
0.016359149715 
0.00544893405036 
-0.0272169223387 
-0.0271947802483 
-0.0162790589919 
2.36716747505e-46 
0.0162422427661 
0.0270383641865 
0.0432202916663 
0.0484707811122 
0.0484423594682 
0.0214898194276 
-0.0161072658206 
-0.0321962487913 
-0.0268017061607 
-0.0160705912532 
0.00535140991123 
0.0213870346794 
0.0320337389346 
0.00533505444168 
-0.0266538894048 
-0.0425844719414 
-0.0372296629114 
-0.0212614048655 
-0.00531415723514 
0.0212582986654 
0.0425367719207 
0.0531755738169 
0.0637948693827 
0.079725834753 
0.0851046342351 
0.0904055137526 
0.0957317784468 
0.095788568748 
0.0958419638797 
0.101267017192 
0.10156434374 
0.101727299201 
0.101998676804 
0.102243362286 
0.102458502831 
0.0972643336938 
0.0973767751001 
0.0974311315577 
0.0974169621358 
0.0920104388247 
0.0921194419234 
0.0867628105719 
0.0814762249134 
0.0815470338557 
0.0815592531398 
0.081559101366 
0.0761120305799 
0.0705902856273 
0.0596918924764 
0.0596709111977 
0.0542435353428 
0.0433961739026 
0.0216823674249 
0.0162414535941 
0.0162261407923 
-2.34365382751e-46 
3.19805797522e-75 
-0.0215572325422 
-0.0430290725264 
-0.0591625975599 
-0.0806630120903 
-0.0913318682059 
-0.0859481774922 
-0.0912612120264 
-0.10190660122 
-0.117664730299 
-0.122983348658 
-0.106946988296 
-0.0908491304378 
-0.0693896502858 
-0.0533305691582 
-0.0532490487835 
-0.0478890723974 
-0.0531567110908 
-0.0478145667548 
-0.0476939097336 
-0.0581879394391 
-0.0737454787927 
-0.0947333154415 
-0.0946023676249 
-0.0891150722948 
-0.0838266658721 
-0.0992511195552 
-0.104235457883 
-0.109232981581 
-0.103924316264 
-0.0986342514192 
-0.0933347764902 
-0.088110312698 
-0.0984178039222 
-0.103508918337 
-0.103476871108 
-0.108599429484 
-0.0827398295363 
-0.0672227992893 
-0.0724163039219 
-0.0724283851335 
-0.0724990631155 
-0.0569824613555 
-0.051822954329 
-0.0414602343882 
-0.031099766207 
-0.0362720498536 
-0.0414415865382 
-0.0362477773188 
5.2416390559e-46 
0.00517524462901 
-7.51085304529e-47 
1.01955124928e-75 
0.0154523108345 
0.0308817019777 
0.0308133639133 
0.0358839645757 
0.0511695706806 
0.0664479065535 
0.0613333185568 
0.0408942239247 
0.035775552574 
0.0306716020553 
0.0255500260026 
0.0306546232259 
0.0153172447238 
-0.0102074642522 
-0.0204146468414 
-0.0357078759794 
-0.0305909873677 
-0.0101888736261 
-0.01527181127 
-0.00508913461993 
7.36156243145e-47 
-0.0101766918844 
-0.0152503878656 
-0.0203158855807 
-0.0202982093936 
0.0050702167193 
-7.33054165603e-47 
-0.0101301361595 
-0.0101294282839 
-0.00506414693261 
-0.0151844369572 
-0.00506076200248 
0.020240228197 
0.0151854379201 
0.0101276876515 
-1.46439107988e-46 
