0.105432457061 
0.107062701164 
0.107002535163 
0.103581578679 
0.109952541592 
0.0498105509054 
0.0248758068683 
0.00330788474923 
-0.0576653040102 
-0.0609233527502 
-0.0542602835897 
-0.0623430949769 
-0.0409511298288 
-0.0245571157626 
-0.0179987695061 
-0.0048980767369 
-0.00815815693789 
0.118440770883 
0.145537911576 
0.110135353217 
-0.00972144481897 
-0.133659791017 
-0.199704730415 
-0.211708270076 
-0.130075031767 
-0.0531854701022 
-0.0241830409363 
0.041858839766 
0.0370102407364 
0.038616411817 
-0.00160642446863 
-0.016062876869 
-0.0321081515151 
-0.0481375325939 
-0.0385023916283 
-0.0192626531366 
0.00481494053331 
0.0448877664502 
0.0384771673555 
0.0128254447592 
-0.0176170822692 
-0.0287903663095 
-0.0351766745534 
-0.0287655535306 
-0.0127745911492 
-0.00478639716305 
0.00478290801336 
0.00478001728552 
0.0031839127014 
0.0 
-0.00159338377892 
-0.00318726461706 
