-0.307492018281 
-0.300206367615 
-0.300439060797 
-0.3 
-0.305434941276 
-0.159581668726 
-0.0796964237252 
-0.0105977098956 
0.184746510012 
0.195184556676 
0.173837599533 
0.199733087652 
0.131198099911 
0.0786754099537 
0.0576639611606 
0.0156923231126 
0.0261368781154 
-0.334644326768 
-0.361451865736 
-0.308911405097 
0.031145296698 
0.362884663687 
0.491927814526 
0.521515000488 
0.376999921393 
0.170394141735 
0.0774769593457 
-0.134106195964 
-0.118572388165 
-0.123718194759 
0.00514661839161 
0.0514618017409 
0.102867209966 
0.154221698818 
0.123352900024 
0.0617131566658 
-0.0154259736372 
-0.143810187707 
-0.123272087195 
-0.0410898060676 
0.0564411221218 
0.0922377812612 
0.112698059416 
0.0921582867647 
0.0409268826751 
0.0153345271751 
-0.0153233487336 
-0.0153140874995 
-0.0102005316691 
1.47635504291e-46 
0.00510483898971 
0.00510483898971 
