-0.178795124843 
-0.183893888653 
-0.189007956674 
-0.192590527131 
-0.198037734205 
-0.180718917034 
-0.124724900442 
-0.0738002446885 
-0.0189064077123 
0.0223522835416 
0.0481246708169 
0.0652743851695 
0.0533172269406 
0.0379264300211 
0.017273249115 
0.00519009036077 
0.00693340265819 
0.0156433858768 
0.0278638630165 
0.0383585462008 
0.0436906176578 
0.0420188895939 
0.0350605337441 
0.0245655118453 
0.0140453698214 
0.0122963051099 
0.0105457262306 
0.0140657929941 
0.0193592846191 
0.0229038211425 
0.0246646807616 
0.0211415695078 
0.0211504132299 
0.0176510385385 
0.0141341159053 
0.010615851721 
0.00884741868284 
0.0088471589132 
0.0106190687813 
0.0123866297895 
0.0123803435939 
0.0105891407718 
0.00882099458257 
0.0052878834597 
0.00175813190179 
0.0 
0.0 
0.00175037399008 
0.00349776184001 
0.00524374173491 
0.00524295473267 
0.00524072741217 
0.00349348451153 
0.00174602654892 
0.0 
0.0 
-0.00174580823222 
0.0 
0.0 
0.0 
0.00173698169847 
0.0 
0.0017311175609 
0.00172909849912 
0.00690842014263 
0.0120678474493 
0.0155058397432 
0.0206757916357 
0.0241361895384 
0.0224190187192 
0.0172395459283 
0.00516931317434 
-0.00515974100385 
-0.0137414871998 
-0.0171731371642 
-0.0154457045857 
-0.00514857316757 
0.00171562412998 
0.00514471250063 
0.008565047029 
0.0119880496096 
0.00855908570311 
0.00341995899888 
0.00170901127954 
0.00170649474937 
0.00682182912334 
0.0136159532107 
0.0170064467671 
0.015284577628 
0.00848835521149 
-0.00339514838267 
-0.0152678862538 
-0.0237373249609 
-0.027086737374 
-0.0270475199026 
-0.0269919057675 
-0.0134893692278 
-0.00505636988101 
0.00504810927653 
0.0134565870836 
0.0117629579354 
0.0100707765312 
0.00167687555294 
-0.0117242197171 
-0.0200633474279 
-0.0250176705511 
-0.0216178202993 
-0.0132933700881 
0.00663035600616 
0.016537279834 
0.0231055405409 
0.0197374681258 
0.00822051921014 
-0.00656096444763 
-0.0180216653126 
-0.0212547516359 
-0.0147057803989 
-0.00326460449795 
0.00814460623353 
0.0130086084655 
0.0146126529852 
0.00811532498152 
-0.00324572211477 
-0.0145948790902 
-0.0242946591543 
-0.0275190041852 
-0.0242689056681 
-0.0210170655729 
-0.014542919451 
-0.00645639666107 
0.0 
0.00322281258708 
0.00161095161695 
0.0 
-0.00483161742494 
-0.00804816958619 
-0.00965311090232 
-0.00965229269114 
-0.00643397732831 
-0.00321599040452 
-0.00160681242368 
-0.0016061679452 
-0.00160529527209 
-0.00320848217559 
-0.00480961436118 
-0.0048056614124 
-0.00640436768593 
-0.00480162040862 
-0.00320134706142 
0.0 
0.0016046350662 
0.00321094455756 
0.00320891297321 
0.00481078312137 
0.00801474567375 
0.0112151768342 
0.0128109650013 
0.00639681317536 
0.00638818755189 
0.00958107726862 
0.0143710662543 
0.0207656712308 
0.0207736495614 
0.0223832241017 
0.0223963571409 
0.0191985872127 
0.016003254168 
0.0128013127234 
0.0112012920357 
0.0111951282488 
0.0175798387667 
0.0175736441416 
0.0127769229841 
0.00638881565139 
0.00319711839338 
0.0 
-0.00320446794793 
-0.00160663196189 
0.00321869550507 
0.00645303428014 
0.0113145694537 
0.0194111118909 
0.0226955813651 
0.0178661633908 
0.0113972009049 
0.00979454521879 
0.00652981281663 
0.00980976465883 
0.00654913219863 
0.00492076307795 
0.00656097624997 
0.0065637704922 
0.0049242189114 
0.00820878252301 
0.0114922069686 
0.0114974820701 
0.0114995021287 
0.0065723719382 
0.00164358454756 
0.0 
-0.00329071148085 
-0.00328980836622 
-0.00329082353364 
-0.00493672081261 
-0.00329474398297 
0.0 
0.00330220500645 
0.00330714375779 
0.0 
-0.00330603719257 
-0.00826265356201 
-0.00990601813798 
-0.00825522954895 
-0.00495781787767 
-0.00330950272964 
-0.00496704933347 
-0.00663296997789 
-0.00995556118355 
-0.0116256068323 
-0.00996670004526 
-0.00498568253261 
0.0 
0.00499054844689 
0.00166444774437 
0.00332986886015 
0.00832644407964 
0.011655427667 
0.0133182676769 
0.0149886062738 
0.0149973759862 
0.0100034586003 
0.00166784679163 
0.0 
-0.00667701858346 
-0.0116889690487 
-0.00835222109268 
-0.00501428734899 
0.00334533793202 
0.00669689831557 
0.00334993942758 
0.0083764796746 
0.0100585290995 
0.0100618870523 
0.0067098495288 
0.0 
-0.00167973099605 
-0.0084067134801 
-0.0117789655693 
-0.00841877262475 
0.0 
0.00673741218885 
0.0151589298572 
0.0151642225016 
0.0117950698973 
0.00842729836266 
0.00168758373172 
-0.00168911164361 
-0.0118548254353 
-0.0118737255541 
-0.00679471194894 
0.0 
0.00340994013364 
0.00170662945495 
0.0034157019884 
0.0085597732055 
0.0102798484915 
0.00171574020769 
-0.00343515387722 
-0.00859217848439 
-0.00687019461335 
-0.00686890300283 
-0.0102993958725 
-0.00343454347889 
0.00343639672214 
0.00859293046257 
0.0154622425491 
0.0206028418616 
0.0205942679843 
0.0188704975186 
0.0171537530128 
0.0154540659348 
0.0120227261421 
0.0120292871142 
0.0120350649197 
0.0154749582159 
0.0154765746823 
0.0171944947413 
0.0206287128899 
0.0171852989853 
0.0154596287379 
0.0171764576882 
0.0137426386159 
0.0137509913104 
0.0137641152455 
0.00861905940479 
0.00862529614718 
0.0120844932797 
0.0138152787832 
0.0103615009126 
0.0103495886541 
0.0155107350261 
0.0172141887017 
0.0154865130877 
0.0171777983566 
0.0222988422742 
0.018824903295 
0.0187766937036 
0.0187431361125 
0.0169950985111 
0.0152848709585 
0.011873167622 
0.00847688540982 
0.00678017129554 
0.00507965521534 
0.0 
0.0016903013887 
0.00337908864498 
0.0084400293842 
0.0151822800926 
0.0151720427912 
0.0151544402182 
0.0134637106923 
0.0117610977185 
0.00839182689199 
0.00670331356542 
0.00669409002796 
0.00836124249081 
0.0150441421749 
0.0200574955969 
0.0183897596971 
0.0167177120796 
0.0167158227381 
0.0117010973316 
0.00668779637911 
0.00501529063381 
0.00167286271081 
0.00167473765865 
0.00335091360944 
0.010055855601 
0.0150815475234 
0.0200895337571 
0.0217495055293 
0.0200603219568 
0.0150446289965 
0.0066891221147 
0.00669238055803 
0.00334844794007 
0.0 
0.0016751937045 
0.00335260987643 
0.00503131508149 
0.00503465522528 
0.00336413153151 
0.00168411601703 
0.0 
0.0 
0.0 
0.00337933067569 
0.00337956457183 
0.00168997366384 
0.00338090512961 
0.00338206702514 
0.00169241940538 
0.00169407212791 
0.0 
0.0 
0.0 
0.00170195928419 
0.00170423597882 
0.0 
0.0 
-0.0017106707669 
-0.00342865179057 
0.00515928488171 
0.0 
0.0 
0.0 
0.00173505803223 
0.00347773031898 
0.00348423452493 
0.00348992689269 
0.00524252921188 
0.00699800638399 
0.00876721679384 
0.00702233342707 
0.00527113259254 
-0.00351362987403 
-0.0105376235635 
-0.0421333928861 
-0.0351420055178 
-0.035184544436 
-0.0140894209214 
0.00352752836045 
0.0353004493536 
0.00883052962931 
0.0123631982066 
-0.00353248383254 
-0.00882356128351 
-0.00352606162152 
0.00879732578032 
0.0140811886844 
0.0299346330479 
0.0299727714658 
0.0352619499309 
0.0370125833169 
0.0211483464269 
0.00705164846713 
-0.00352238561025 
-0.00527040533811 
-0.0105289007517 
-0.00701197554206 
0.00701677384033 
0.012288104257 
0.0280778463344 
0.0332949346505 
0.02102465328 
0.0122613169292 
-0.00174965360669 
-0.015734392312 
-0.0139804566153 
-0.0139525184636 
-0.00348484997534 
0.0104507132389 
0.0139248362003 
0.015661477904 
0.0191259291525 
0.00869031289511 
0.0138839202386 
0.0190471175521 
0.0121085600053 
0.00863758613921 
0.00518263417197 
0.00863130462013 
0.0103560782807 
0.00689917089159 
0.00344956805078 
0.0120730547062 
0.0189728431507 
0.0155391470243 
0.0172738423489 
0.0224530785693 
0.0276441691592 
0.0345499605927 
0.0397286863016 
0.04317178941 
0.0414362687421 
0.0397167588777 
0.0397162783996 
0.0310751887616 
0.0241674209807 
0.0224381718162 
0.0207168667095 
0.0207706137881 
0.0225435404716 
0.024295982958 
0.0243171842574 
0.0243435230419 
0.0226087843743 
0.0191305536233 
0.0173951458054 
0.0139250049295 
0.00870980799879 
0.00871470631269 
0.00697505109433 
0.0104832503949 
0.0104832503949 
0.0104895791088 
0.0104885036851 
0.00874732258331 
0.00876374661213 
0.00701511501348 
0.00526148049923 
0.00525390918889 
0.00349951138517 
0.00349662783255 
0.00349692606151 
0.00349740339201 
0.00349969855438 
0.00350154474693 
0.00350177072444 
-0.00175073345428 
-0.0122467036499 
-0.0157368571392 
-0.0244709313636 
-0.0244415534812 
-0.0174430690414 
-0.0139245311112 
-0.00870317471159 
0.00347985998362 
0.00522281892156 
0.00696269262921 
0.00869592985069 
0.00694410202679 
0.0069401402982 
0.00693192449258 
0.00866185290244 
0.00865462807063 
0.0121095048509 
0.0138391106117 
0.01556449778 
0.0138204292691 
0.0120872911247 
0.00861238318995 
0.00516384253012 
0.00342809329246 
0.0 
0.0 
0.00170025778437 
0.00338586414983 
0.00507595532647 
0.0067535733903 
0.00673622086378 
0.00671226553477 
0.00335337326098 
0.00167509723056 
0.0 
-0.00166678288374 
-0.00332760062695 
-0.00166108041643 
-0.00165732698681 
0.0 
0.00165049145686 
0.00329845484158 
0.00329293330519 
0.00328384489621 
0.0016412842399 
-0.00328028662132 
-0.0114660615104 
-0.0229077126122 
-0.0212621684594 
-0.019620333193 
-0.0196119689348 
-0.0163150884726 
-0.0130372337466 
-0.00814841627998 
-0.00163035022258 
0.00326194829707 
0.00652794287167 
0.00653297891956 
0.00490478198981 
0.00327263180362 
0.00163818249906 
0.0 
0.0 
0.00164081591298 
0.00164154477976 
0.00164436035732 
0.0016459569347 
0.00164973061635 
0.0 
0.0 
0.0 
0.0 
0.0 
0.0 
-0.00166456902302 
-0.00333305080492 
-0.00500817559469 
-0.00500817559469 
-0.00501028979144 
-0.00501380024112 
-0.0050293969873 
-0.0033565707585 
-0.00336253599578 
-0.00336777489108 
-0.00337166600081 
-0.00338000222699 
-0.00338373056273 
-0.00339173958369 
-0.00339255656613 
-0.00509776617741 
-0.00340157328024 
-0.00340481171616 
-0.00340908233903 
-0.00341557654179 
-0.00341807357714 
-0.00170937986909 
0.0 
0.0 
-0.00170955028753 
-0.00170966568415 
-0.00171063169625 
-0.00171046427081 
-0.00171008126889 
0.0 
0.00170853747299 
0.0034171075646 
0.00341607309729 
0.00341484991156 
0.00170664820432 
0.00170533882264 
-0.00170485416059 
0.0 
-0.00170368093953 
0.00170232359419 
0.0119047563175 
0.0186918465057 
0.0305484727949 
0.035620777435 
0.0305043210203 
0.0203304279317 
0.00677251117299 
-0.00507789598927 
-0.0135411425377 
-0.0169338954619 
-0.0152516515058 
-0.0101778454906 
-0.00339456063416 
0.00339781710393 
0.00680124106323 
0.00510819265597 
0.00170575313868 
-0.0034138654359 
-0.00683530250539 
-0.00683828183294 
-0.0051307162997 
-0.00171075254197 
0.00171071556081 
0.00341903762765 
0.00341809725395 
0.00170902381399 
0.00170853246205 
0.0068298837498 
0.0119437823354 
0.0119359739504 
0.0102289469135 
0.00340985779989 
-0.00340993902474 
-0.0085237247709 
-0.0102173381392 
-0.0102090022858 
-0.00680530853656 
-0.00340261361291 
0.00170090122469 
0.011903400131 
0.0204041905364 
0.0271782380258 
0.028864471763 
0.0254696838374 
0.0169796748674 
0.0118909704441 
0.00849692132153 
0.011898440376 
0.0135975913512 
0.0152887100472 
0.0084808981992 
0.0 
-0.00338945313873 
-0.00677944197892 
-0.00678056917075 
0.0101763244086 
0.0169534174073 
0.0220290588785 
0.0321958939448 
0.0524937661621 
0.0609266282845 
0.0760502381935 
0.0776560436792 
0.0742992984983 
0.0675574064265 
0.0640782546907 
0.0573488206959 
0.0471836587927 
0.0286501264667 
0.0219018456608 
0.0202066671624 
0.0218956866248 
0.033691086519 
0.0286377231808 
0.0252819163065 
0.0118070576584 
0.00337715500624 
-0.0050718114499 
-0.00676657683889 
-0.00338662662165 
0.00338927812339 
0.0152520039609 
0.0339143639635 
0.0356432402242 
0.0322576559047 
0.0220900916597 
0.0119040304056 
0.00510852364273 
-0.00510899531075 
-0.0119329062186 
-0.0272958928179 
-0.0341976778597 
-0.0171328365375 
0.0 
0.00859631810798 
0.0223555198639 
0.0361239869661 
0.0567428532407 
0.0704265282763 
0.0806749454906 
0.0772307187009 
0.0584080614957 
0.0481221604968 
0.0343811213654 
0.0275439487872 
0.0327634870841 
0.0362167654475 
0.031085943461 
0.0259223474346 
0.0224712361656 
0.0207569377729 
0.0225327803472 
0.0260193729777 
0.0312112765093 
0.0312112765093 
0.034652617313 
0.0346253658574 
0.0311617026716 
0.0277010791041 
0.0207704201016 
0.0103868815097 
0.0034617192555 
-0.00692291160053 
-0.0138473158739 
-0.0173261812035 
-0.0190609086893 
-0.0103958076451 
0.00173303722066 
0.00866414812527 
0.0156017875916 
0.020806554486 
0.0208037237638 
0.0173340727203 
0.0121364378833 
0.00867258224899 
0.0 
-0.0086805671329 
-0.0086818536121 
-0.012160153112 
-0.0156434675532 
-0.0104361381403 
-0.00522279334132 
0.0 
0.010449305613 
0.0139375369827 
0.0156851844023 
0.0156960882375 
0.0104666243894 
0.00522997474065 
0.00696151678822 
0.00870181691531 
0.0104354336455 
0.0156419508452 
0.0207902617251 
0.0294122864967 
0.0311142881797 
0.0311140779529 
0.0207452595988 
0.0155584219604 
0.0103694870019 
0.00691198121844 
0.0138263890938 
0.0207626259309 
0.0259640381936 
0.0294417991443 
0.0294573684619 
0.0294588601084 
0.0294397429488 
0.0277046278894 
0.0294184250303 
0.0294066767104 
0.0345839104446 
0.0380189094943 
0.0328239654549 
0.0345390312151 
0.0328089896778 
0.0293529913263 
0.0293242977064 
0.0293120028016 
0.0275406037445 
0.0291989941558 
0.032570359286 
0.0393401203592 
0.037573437111 
0.0289836807887 
0.0204248333249 
0.0153142075512 
0.0169844640681 
0.0186781439606 
0.0135831090224 
0.0118848836725 
0.0135831442111 
0.0118846960567 
0.0101723871824 
0.0152234304294 
0.0186024018525 
0.0202754374133 
0.0185568772451 
0.018531682431 
0.0168360830955 
0.0134453107792 
0.0134387953878 
0.0150976417673 
0.0116999885497 
0.00833594326852 
0.00996274583911 
0.00662687914871 
0.00990617878665 
0.0115335334145 
0.0131541019379 
0.0180424984717 
0.0277837531351 
0.0325696258243 
0.0259920395407 
0.0145581098227 
0.00323094800842 
-0.00644897826243 
-0.0144938543336 
-0.00643178902779 
0.00642674868119 
0.0208409562031 
0.0303986831601 
0.0367500438487 
0.0398547079742 
0.0382247362035 
0.0302084510602 
0.0238221047844 
0.0174520849318 
0.0142802853257 
0.0142859962746 
0.0158678351163 
0.0206065623931 
0.0221488622051 
0.0236930658848 
0.023606450955 
0.0204119499142 
0.0156638121832 
0.0109513700988 
0.00937397167063 
0.00781083491179 
0.00937039136427 
0.0124775433866 
0.0124554403155 
0.0124326018849 
0.0108605671315 
0.00929799602933 
0.00927021071001 
0.00771960150633 
0.00770242585714 
0.00769874552904 
0.00768773012523 
0.0122912083945 
0.00767998194236 
0.00460601963802 
0.00307079681153 
0.00307457420849 
0.00615000587995 
0.0 
0.0 
0.0 
0.00154196176261 
0.0015434353427 
0.00308832593942 
0.00154570756367 
0.00154574481851 
0.0 
-0.00463660480544 
-0.00772752383904 
-0.0139121858439 
-0.0154565154797 
-0.015456767223 
-0.0154570212529 
-0.0200983998661 
-0.00464124084773 
-0.00154820830023 
-0.00463981354398 
-0.00463929589275 
0.0355720022032 
0.0371238180134 
0.0386686113671 
0.0386605374053 
0.0262919580985 
0.00619379966526 
-0.00774997709996 
-0.0139561176308 
-0.0170637503061 
-0.0264216250864 
-0.0264355004914 
-0.0249123973076 
-0.0327251324787 
-0.00780823156827 
0.0 
0.00783456110192 
0.0172693769598 
0.0236631258691 
0.0158206036358 
0.00635966218633 
0.00159220344475 
-0.00957857058148 
-0.0160163440188 
0.00964454988224 
0.0128843267629 
0.0306230384944 
0.0145177078411 
0.0161267700024 
-0.0145086635283 
-0.0080550004616 
-0.030589860581 
-0.0338289049562 
-0.00645146504416 
-0.00323365091758 
0.0129533712149 
-0.00486104419142 
0.0194479145423 
0.00810745108081 
0.00324410239897 
-0.00649412166422 
0.00650405693818 
-0.00651479818395 
-0.00978009348409 
0.0 
0.00490952031393 
-0.00327797678612 
0.0016408481364 
0.0 
0.0 
0.00329792913413 
0.00496143473859 
0.00994821306474 
0.0116370965545 
0.00999202244738 
0.0116924732131 
0.0100344002379 
0.00671912787746 
0.00672353632789 
0.00673327195634 
0.00674510208655 
0.00506168184932 
0.00168929001901 
0.00338111198782 
0.00338434678959 
0.0033874266429 
0.00508353136753 
0.00678357063197 
0.00169624022016 
0.00509714626151 
0.00680534994253 
0.00681573000352 
0.00682306146759 
0.00512817321562 
-0.00514066817697 
0.0 
0.0 
-0.00518000056339 
-0.013849236103 
-0.0138700750628 
-0.0121397958724 
-0.0156056004581 
-0.00346884257827 
0.00173456264542 
0.00867362098845 
0.00173502860535 
0.00347068047489 
0.00694110905626 
0.00693864089318 
0.0104083637872 
0.00520172478221 
-0.00173292552095 
-0.0103954417859 
-0.013856849105 
-0.0242480755316 
-0.0346235429983 
-0.0346158879425 
-0.0276815176602 
-0.0276645625659 
-0.0103755533064 
-0.0103814545562 
-0.00865339320675 
-0.00519146165558 
-0.00173005177797 
-0.0103787744509 
-0.0207547178057 
-0.031142463735 
-0.031142463735 
-0.0397722324065 
-0.027656253465 
-0.0224181100276 
-0.0155028215491 
-0.0086025219716 
-0.0120126887195 
-0.0120040312382 
-0.015386658613 
-0.0255981516376 
-0.027205912951 
-0.0288926188295 
-0.0305704988696 
-0.023759405633 
-0.0220372592574 
-0.0169458630944 
-0.0203004464964 
-0.0253138442491 
-0.0269760381629 
-0.0387432242309 
-0.042114003225 
-0.0437998547176 
-0.0437966166055 
-0.0370582095885 
-0.0286474590035 
-0.0252851711093 
-0.0252811342222 
-0.0269563954921 
-0.0235861388608 
-0.0269398732772 
-0.0269082269943 
-0.0235215612154 
-0.0218129977426 
-0.0184454442387 
-0.0150659697449 
-0.0133921857608 
-0.0133798091564 
-0.0133658346642 
-0.0167010584915 
-0.0166966749748 
-0.0133572317255 
-0.0116912627169 
-0.0066860618779 
-0.00167167859077 
0.00167177413825 
0.00501549333809 
0.00835601814856 
-0.0033413960469 
-0.018379252844 
-0.0200616011144 
-0.0217642025269 
-0.0184225748154 
-0.00671016297447 
0.0 
0.00168128205059 
0.0016836809186 
-0.00336970050748 
-0.0118073472899 
-0.0185720064089 
-0.0186108621937 
-0.011862913321 
-0.00169612786331 
0.0016973860392 
0.0 
0.0 
0.00170044982777 
-0.00680884200177 
-0.0119238393444 
-0.0136282338314 
-0.0119333242765 
-0.00682345218202 
-0.00853426378506 
-0.00683951399502 
-0.00342411062327 
0.00171706055582 
0.0 
-0.00343946095237 
-0.00515627176391 
-0.00343614053697 
0.0 
0.00343100716127 
0.00685911136011 
0.00514325898989 
0.00342940056995 
0.00343065637123 
0.0 
-0.00171546933735 
-0.00514364836274 
-0.00342758847486 
-0.00342493208993 
-0.0102630246 
-0.0136720070568 
-0.0221794726679 
-0.0238588070286 
-0.0255142952152 
-0.0238111097961 
-0.0119075488144 
-0.00680181182718 
-0.00169909349426 
-0.0101918949839 
-0.0135892213888 
-0.0152836766661 
-0.0169855273262 
-0.0170109640993 
-0.0187189884888 
-0.0136229346558 
-0.0102119385082 
-0.015305720038 
-0.015280433835 
-0.0169297387289 
-0.02703529071 
-0.0371402207433 
-0.0421807453926 
-0.0337111740702 
-0.0202175421194 
-0.0134582331475 
-0.00672464284844 
-0.00167920874239 
-0.00671086940804 
-0.0100645194846 
-0.0117337328572 
-0.0100519411615 
-0.0117180246145 
-0.0150597300976 
-0.0167227359674 
-0.0150452597529 
-0.0116992407768 
-0.00501533860967 
-0.00167343229874 
0.0 
0.0 
-0.00336892967202 
-0.00843324159599 
-0.0118061660626 
-0.00843101757862 
-0.00336813133067 
0.0 
0.0 
-0.00504124501933 
-0.0117593426431 
-0.0134362953703 
-0.0134330283469 
-0.0134344631888 
-0.0117510284674 
-0.00335442697009 
0.0083705199277 
0.0150509077393 
0.0183489263362 
0.0233293503542 
0.0448975507016 
-0.0266075322284 
-0.0414933834178 
-0.049740146197 
-0.0529764655163 
-0.0248459642214 
-0.00165629738297 
0.0264607355534 
0.0462839828419 
0.0545318356731 
0.0511994147453 
0.0181705621011 
0.00660745865584 
-0.0214728762438 
-0.042937448258 
-0.0511409131844 
-0.0379475048206 
-0.0197876917343 
-0.0131826073634 
0.00329578006825 
0.00823598021822 
0.00329314169041 
0.00164584881532 
0.00164565625074 
-0.00822792608983 
-0.0328889013143 
-0.0147949158129 
-0.0147949158129 
-0.00328491324131 
0.00328213298209 
0.0131215539355 
0.00984133019806 
0.00491827694172 
0.0 
-0.0065515510049 
-0.0114564166804 
-0.0130988202881 
-0.0131063030722 
-0.0114720467928 
-0.00655915867796 
-0.00492049984327 
-0.0032774289023 
-0.00163797829093 
-0.00327392105379 
-0.00327198819735 
-0.00489980971429 
-0.00651965029472 
-0.00651312797193 
-0.00488281306382 
-0.00487443516555 
-0.0016230367719 
-0.00162104264386 
0.0 
0.0 
-0.00161808989851 
-0.00161874723049 
-0.00161969388673 
-0.00162065605358 
-0.0016217062651 
-0.00162272167599 
-0.00162329871235 
0.0 
-0.0016241392512 
-0.00974426472945 
-0.0129960554994 
-0.0211261881828 
-0.0211336498656 
-0.0162569752791 
-0.00975203626869 
0.00162524436284 
0.00975479111084 
0.0178833788296 
0.0178744408324 
0.0113709807585 
0.00162402089958 
-0.00487080823445 
-0.0113688884983 
-0.0146172110418 
-0.0178606945218 
-0.0162330255189 
-0.0129847345098 
-0.0081152678283 
-0.00811903286757 
-0.00812440308143 
-0.0113786580902 
-0.0129989975984 
-0.0113696272177 
-0.00974212144928 
-0.00973664644966 
-0.0113553541019 
-0.0113529480041 
-0.0129740642372 
-0.0113508413107 
-0.00972708469243 
-0.0145856910689 
-0.0161981498287 
-0.0177842336024 
-0.0193724410354 
-0.0209557621633 
-0.025619071678 
-0.0272024264142 
-0.0255939159852 
-0.0239719942501 
-0.0239719942501 
-0.0239495337347 
-0.0207478809048 
-0.014359419752 
-0.0175452871912 
-0.020731804382 
-0.0223204796928 
-0.0191299167536 
-0.0191263943795 
-0.0191286445951 
-0.0191239470715 
-0.0207230800844 
-0.0207233273581 
-0.0159429476794 
-0.00797428354239 
-0.00638238530173 
-0.00319298571129 
-0.00639218692335 
-0.00959380156649 
-0.012800988464 
-0.0176005029787 
-0.0192293223807 
-0.0192362386414 
-0.019248376892 
-0.0160553084913 
-0.0160686560154 
-0.0160912092882 
-0.016093074915 
-0.0129008315708 
-0.0129120503952 
-0.0161568803754 
-0.0145588396868 
-0.0145647632749 
-0.0161818205278 
-0.0145632372627 
-0.0161758549197 
-0.0161676874285 
-0.0129337290723 
-0.00970003542547 
-0.00485296011391 
-0.0016185249793 
-0.0016214334302 
-0.00648856358921 
-0.00649855484751 
-0.00813406366526 
-0.00651980636265 
-0.00490146372782 
0.0 
-0.00163950814599 
-0.00328188027784 
-0.00164321198108 
-0.00164409234954 
-0.00164586341125 
0.0 
0.00164898603595 
0.0 
-0.00165115133319 
-0.00165147379623 
-0.00495406623863 
-0.00826191140613 
-0.00993627978601 
-0.0165636562682 
-0.0182217988577 
-0.0165480038918 
-0.0132334021237 
-0.00992372547913 
-0.00992500523705 
-0.00827748291091 
-0.00165723845291 
0.00331490081064 
0.008293041731 
0.0116156357936 
0.00829913201888 
-0.00332007105199 
-0.00664021870931 
-0.0083008361955 
-0.0116122050795 
-0.0132563951766 
-0.0132558809314 
-0.00994322448508 
-0.00994810059756 
-0.00829725389946 
-0.00166249861599 
0.0 
-0.00166746791871 
-0.0016705459133 
-0.0033436338204 
0.0 
0.0 
-0.00673451305919 
-0.0117904575408 
-0.0134755113991 
-0.0218603401479 
-0.0352804380668 
-0.0418991556111 
-0.0451342308589 
-0.0366874590563 
-0.0233347449876 
-0.0133168807981 
-0.0133077232371 
-0.014966983131 
-0.0215911816076 
-0.0315284923766 
-0.0364723395336 
-0.0414371995155 
-0.041421399629 
-0.0347835222547 
-0.028148781493 
-0.0215147708617 
-0.0181856310627 
-0.0165204877697 
-0.0198179368976 
-0.0198129291301 
-0.021460915789 
-0.0214534137199 
-0.0230640680452 
-0.0197566314711 
-0.0181181213845 
-0.013179524638 
-0.0115330377974 
-0.00823360880791 
-0.00988248959561 
-0.0115366793557 
-0.0131940292134 
-0.0165023026672 
-0.0231271186709 
-0.0314325951379 
-0.0397762894207 
-0.0398050324871 
-0.0265511834266 
-0.0166100535528 
-0.00498683013395 
0.0049901787409 
0.00832831228697 
0.00833848605902 
0.00667138563481 
0.00333540843354 
0.0 
-0.00333837165567 
-0.00333728047589 
-0.00166675427004 
0.0 
0.00332915603876 
0.0049885169282 
0.00664587652477 
0.00664077906313 
0.00332090093406 
0.00331740834875 
0.00331749598712 
-0.00165868577956 
-0.00829285677975 
-0.00829242722625 
-0.013259453193 
-0.0149101379399 
-0.0132517213069 
-0.00496310478539 
0.00165360286827 
0.00825866311407 
0.0115589574972 
0.0132142665257 
0.0115679316934 
0.00661631543052 
0.004966166781 
0.0033152233479 
0.00165939240287 
-0.00830105435961 
-0.0199266233181 
-0.024939852493 
-0.0216420561287 
-0.0150134080274 
-0.00501227080227 
0.00167111911773 
0.0 
-0.00500441425978 
-0.00499475523304 
-0.0066492479107 
-0.0115962596985 
-0.0132526863836 
-0.00992094558917 
-0.00164813966573 
0.00658418761114 
0.0164045700709 
0.0229261283526 
0.0244790516394 
0.0228477030063 
0.0228212215331 
0.0146560491443 
-0.00162558085182 
-0.0178692353924 
-0.0243466073541 
-0.0210756982395 
-0.0145796400883 
-0.00646590026679 
0.00482876463517 
0.00964294753579 
0.0128569534426 
0.0192628963888 
0.0224475679227 
0.0240268338755 
0.0160151283559 
0.00320086235359 
-0.0127929321856 
-0.0223793023716 
-0.0207754571257 
-0.00958507740976 
0.00319354389913 
0.017545824931 
0.0239022852729 
0.025471578967 
0.025458934643 
0.0206649804233 
0.0127144727315 
-0.00159023608287 
-0.00955112393798 
-0.0207014248025 
-0.0207160218838 
-0.0159482018302 
-0.00797957261344 
0.0 
0.00479924768348 
0.00640227960992 
0.00320566704505 
-0.00321018886158 
-0.0128855092252 
-0.0225657854521 
-0.0259106578844 
-0.0259531532451 
-0.0243826592116 
-0.0179079262818 
-0.0146654251724 
-0.00815386285494 
-0.00816348117469 
-0.00817860187566 
-0.00821080274493 
-0.0131644300799 
-0.00825297305284 
-0.00496331034106 
-0.0066232401623 
-0.00331813111009 
-0.00166160093181 
-0.00332968276239 
0.00166861248898 
0.00334211545152 
0.00167442449674 
-0.00167580652654 
-0.0033560706721 
-0.00671754169069 
-0.00840284934923 
-0.0100833148004 
-0.00168183041168 
0.00843250509934 
0.0118246321646 
0.0203177712851 
0.0254091840978 
0.0186477629825 
0.010190342467 
0.00509472132442 
0.00339556561801 
0.00848525122194 
0.0050911395327 
0.0101699183049 
0.0203036414604 
0.0286985145547 
0.0354464572131 
0.0405064790603 
0.0421866543376 
0.04219858242 
0.0337660310417 
0.0270197309921 
0.0185855012283 
0.010143509983 
0.0101547187721 
0.0135480605897 
0.0186451950103 
0.0254531862469 
0.0305674030141 
0.0288847814388 
0.0255122202188 
0.0238552214144 
0.0204628234281 
0.0170657389327 
0.022183476664 
0.0255808238317 
0.0324039349165 
0.0358607354013 
0.0358737813019 
0.0325187888442 
0.0239888596547 
0.0171705052849 
0.0120469436438 
0.0137734629964 
0.0206493094845 
0.0292285593349 
0.0343598397502 
0.0309257093145 
0.0326660395128 
0.0326696057201 
0.0309657359957 
0.0292517046597 
0.0309822556175 
0.0344339251566 
0.0361575870242 
0.0292682649739 
0.0258405269893 
0.0241241797157 
0.0189598319142 
0.0172479827938 
0.0172553418378 
0.0103655696934 
0.00864053417234 
0.01383531965 
0.0190369490775 
0.0259713676941 
0.0277101174919 
0.0225138502749 
0.0207721839822 
0.0207586908042 
0.019023049838 
0.0224706028482 
0.0259181259408 
0.025918382138 
0.0190117398175 
0.0172870049732 
0.0190065478289 
0.0241837670572 
0.0345451193025 
0.039715997309 
0.0448662314057 
0.0482739065744 
0.0482337217769 
0.0533308863542 
0.0618715122532 
0.0686107647059 
0.071976283441 
0.0701770163225 
0.0649690954853 
0.0563514349999 
0.0477392397006 
0.0443070710237 
0.0340630734452 
0.0306480348407 
0.0272437645341 
0.0238291583174 
0.0221197722936 
0.0187008749791 
0.015293368815 
0.0152961374253 
0.013600279634 
0.0136007073883 
0.0136018849541 
0.0118904811928 
0.00847674150536 
0.00677855068325 
0.00507887282218 
0.00169168083248 
0.0 
0.00169093649591 
0.00337948560444 
0.00337598371128 
0.00336936430623 
0.00336722739756 
0.00168261899553 
0.0 
-0.00167819824435 
-0.00335191326979 
-0.00501774257557 
-0.00501679071355 
-0.00167012577777 
0.00333808922986 
0.0133225442951 
0.0182840374438 
0.0232590945053 
0.0248946879768 
0.0215446287303 
0.0132464472708 
0.00330116202028 
-0.00494100687094 
-0.0131104046793 
-0.0146969420246 
-0.0146668438938 
-0.0146531137731 
-0.0097511384841 
-0.00324458498146 
-0.00161975368374 
0.00161864078217 
0.0 
-0.00161604326645 
-0.00484418291974 
-0.00645339121168 
-0.00644943837581 
-0.00482979885949 
-0.00482606957932 
-0.00321461652238 
-0.00160595196311 
0.0 
0.00160210430206 
0.00159979614617 
0.00159673286154 
0.00159541695534 
0.0 
0.00477672383028 
0.00794714849509 
0.0127084151801 
0.0222059129149 
0.0285188375456 
0.0316805273974 
0.0316826995745 
0.0206006027166 
0.015855924111 
0.00951586632603 
0.0031732560681 
0.00317555886715 
0.00477097236677 
0.0159073269783 
0.0238883206298 
0.0255114973852 
0.0289086882216 
0.0289235424282 
0.028935961423 
0.025735665132 
0.0209117967961 
0.0209289794187 
0.0209467953229 
0.0241864670584 
0.0274154398261 
0.0290504868591 
0.0290939043995 
0.0307288865421 
0.0259205474731 
0.017825450046 
0.0145939898942 
0.0146034572679 
0.011359211254 
0.0129835860133 
0.0146079869786 
0.0146179479757 
0.0162636352111 
0.0211780752272 
0.0260767478418 
0.0309963202221 
0.0309955826427 
0.0326215873024 
0.0261014246175 
0.0212090442247 
0.0130560568184 
0.00816079818158 
0.0114369983024 
0.0114390969901 
0.00981079183177 
0.0114443198702 
0.0179808730622 
0.0228739858574 
0.0277765661327 
0.0310444736755 
0.0326772594952 
0.0244971730396 
0.0179520916624 
0.00652731302273 
0.00489640671684 
0.00163197176416 
0.00489247308545 
0.00163121115013 
-0.0114206442668 
-0.0163065351301 
0.0114079845353 
0.0113912837197 
0.016249917901 
0.0145561058799 
0.016159653932 
0.00322981597896 
-0.00483056128112 
-0.0161006047856 
0.0353923001524 
0.0369004987306 
0.0336943032276 
0.044870346675 
0.0430995878041 
0.0287100931004 
0.019113878138 
0.0127083834148 
0.00476311778342 
0.00476051169665 
-0.0269365933149 
-0.0237236130044 
-0.0268357456277 
-0.0141904808077 
-0.0110330531094 
-0.00315081111261 
-0.00157535278023 
0.0157649118317 
0.0519935689712 
0.0472742710839 
0.0566796393012 
0.0566775523027 
0.0393644979869 
0.0125931833757 
-0.00629537926524 
-0.0235937691286 
-0.0361347922046 
-0.03765938029 
-0.0329345617322 
-0.0172469550192 
-0.00626782804563 
0.00156430720805 
0.0109451199713 
0.00780863626377 
0.00780624998008 
0.0 
-0.0046838188975 
-0.00468507453639 
-0.00468690723284 
0.0 
0.00468983952485 
0.0078191112871 
0.00939267075294 
0.0109625016256 
0.0109630337442 
0.00939525504285 
0.00469810619222 
0.00313973583847 
0.00314661023254 
0.00473160193139 
0.00632410665024 
0.0158344554183 
0.0237904042393 
0.0238181373724 
0.0190901992525 
0.0111491287225 
0.00478617577893 
0.00159718706284 
0.00320260079967 
0.00641379659986 
0.00802669488774 
0.00965012528718 
0.0096666867656 
0.00968094209847 
0.0113120402708 
0.0129742979979 
0.0129955048848 
0.0179079082116 
0.0163122892243 
0.0130830580109 
0.0147510543527 
0.0164627461376 
0.0148432104971 
0.0165131868192 
0.0198618419116 
0.0149067620516 
0.00664180592297 
0.00333017104897 
0.00333976748209 
0.00334569337409 
0.00671620950679 
0.00672102012083 
0.00505084521333 
0.0050659499091 
0.00677065649792 
0.00508993272035 
0.00510898867278 
0.00340600891199 
0.00341110487508 
0.0 
0.00171297336193 
-0.00343363981274 
-0.00344007648575 
0.00344425251989 
0.00517965342722 
0.00345839909019 
-0.00519636260546 
-0.00693200812389 
0.0 
0.00869760538789 
0.0139475264702 
0.0209633712117 
0.0244870168135 
0.0157664993607 
0.00526866551105 
0.0 
-0.00175759791709 
-0.00175812924875 
-0.00527621705174 
-0.00703640292245 
-0.00703561272407 
0.00351782924204 
0.0105555641784 
0.010555625275 
0.0035172855587 
0.0 
0.00175470305269 
-0.00701772888699 
0.0 
0.00876994005458 
0.0157930907718 
0.0210526973053 
0.0262936617671 
0.0245187271416 
0.0227436929101 
0.0192236622474 
0.0157176652892 
0.0139388199152 
0.0104447572878 
0.00869535802216 
0.0104327922043 
0.0104428849869 
0.0121899442418 
0.00871443110251 
0.012205499882 
0.0104701340644 
0.0104702499325 
0.0104671868241 
0.00523373676671 
0.0 
0.0 
0.0 
0.0 
0.00174043025349 
0.0 
0.00521220689729 
0.00519567814667 
0.00517232284765 
0.00517019803372 
0.0 
-0.0034424323279 
0.00172077709075 
-0.00172037816657 
-0.00516046724223 
-0.00171999762476 
-0.00687723161175 
-0.00171787451045 
0.0102992340193 
0.0205824606706 
0.0257152381751 
0.0308492263817 
0.0257053389249 
0.0222527670148 
0.0136821036437 
0.0153925169065 
0.0153925143961 
0.0102653328815 
0.01369254814 
0.0205555705363 
0.018853417738 
0.0154409702498 
0.0137365348223 
0.00515956370747 
0.0 
-0.00517269536937 
-0.0155327982663 
-0.0207253910903 
-0.0259435675267 
-0.0259651909228 
-0.019041486616 
-0.00692296644785 
0.0 
0.00172962443418 
0.00345876784137 
0.0121062784018 
0.0155646736081 
0.0103730780471 
0.00518122230678 
-0.00345416537622 
0.00172710504998 
0.00172693410016 
0.00518023812687 
0.00172664518374 
0.00345052752598 
0.00516853221798 
0.00344406699218 
-0.00516122543986 
-0.00343563644231 
-0.00171502111556 
-0.00685689731776 
0.00341793848633 
0.0102149767567 
0.00509667182416 
-0.00338931235814 
-0.00169019335895 
-0.00506377544603 
-0.0067403490186 
-0.00168267596844 
0.0100632566144 
0.0133956019247 
0.009984969827 
0.0116385145292 
0.00331623197646 
-0.00165581208328 
-0.0066215713857 
-0.00496130328041 
-0.00660559079571 
-0.00495103160951 
0.00657765782194 
0.0115069652942 
0.00657000462856 
0.00491479872551 
0.00163712273164 
0.0 
-0.00488951152231 
-0.00488393502304 
0.00325199074902 
0.006503912717 
0.00650100444542 
0.00812211057762 
0.0113685240165 
0.0129896312122 
0.00974612511549 
-0.00162514826671 
-0.00650440642372 
-0.00487572821783 
-0.0064868847284 
-0.0113380424178 
-0.0113318278488 
-0.00809002537669 
-0.0016154965136 
0.00969091109351 
0.00646137613547 
0.00646483739346 
0.00969403178309 
0.00484018451145 
-0.00483387073895 
-0.011269947514 
-0.014487647997 
-0.0128655631122 
0.0 
0.00160471254317 
0.00641303561731 
0.0144180543383 
0.0144185422365 
0.00961358862209 
0.00801672605555 
0.0096260401101 
0.00160713688908 
-0.00965943765172 
-0.00967041536116 
-0.00644883548197 
-0.00161221296708 
-0.00161273046232 
0.0 
0.00484740014973 
0.00808432340051 
0.00647525944698 
0.0097246941805 
0.0113474871377 
0.0113562456708 
0.0129886588159 
0.00812590275027 
-0.00325775269708 
-0.00652128988765 
-0.011428097027 
-0.0081879295818 
-0.00819852707762 
0.00164265762959 
0.00493450568129 
0.00988615508935 
0.0164892922391 
0.00660747687137 
-0.00991531234825 
-0.00993543718956 
-0.0165799424814 
-0.0182415007724 
-0.00663712690006 
-0.00165975434724 
0.00166011579245 
0.00831107597059 
0.00498933463911 
0.00831796535993 
0.0133117100335 
0.00999282943564 
0.0100105031273 
0.013371419465 
0.0133781992857 
0.0150675776731 
0.0133954832119 
0.00837454766172 
0.00502936844212 
-0.003355842433 
0.0050390352049 
0.00672012689224 
0.0100971537805 
0.00842875137303 
0.00675072009627 
0.0118386683821 
0.0101555391404 
0.00847720133149 
0.00682400336525 
0.0119572868178 
0.0102492325776 
0.0119642796478 
0.0171006795294 
0.0188213757609 
0.0137153190012 
0.0102927564811 
0.00860085746755 
0.00862954942011 
0.0120853806493 
0.0120896840508 
0.00691085944792 
-0.0017286193326 
0.00519426988758 
0.00693695627085 
0.0104122997272 
0.0104279739178 
0.00347608544526 
0.0 
-0.00347587198808 
-0.00521378173592 
-0.00869464568525 
-0.0139227759532 
-0.0191602742352 
-0.0156993780135 
-0.0104876994472 
0.0 
0.00878014053304 
0.0158470371418 
0.0105874221283 
0.00353589239497 
-0.00707407459264 
-0.0141489504364 
-0.0141498537181 
-0.0106147099587 
-0.012380345682 
-0.00353984789741 
-0.00176992949324 
0.00177173624901 
0.00354780711784 
0.00532905311656 
-0.00178335901892 
-0.00178663067699 
0.0 
0.00179538425429 
0.00539653223627 
0.00902039169741 
0.0126365599467 
0.0144683231703 
0.0126840776481 
0.0108887718558 
0.00910097865564 
0.00729267062302 
0.0036497347348 
-0.00549404857135 
-0.00917117115266 
-0.0128872314989 
-0.0147513238173 
-0.00923709596159 
0.00185182893497 
0.0092625407613 
0.0259504702531 
0.0297224065613 
0.0223153365334 
0.0130347664493 
0.0111813151567 
0.0204957647117 
0.0186275002206 
0.0111768708205 
0.00559033803223 
0.00186318049616 
-0.00186215890243 
-0.00186092026651 
-0.00186044563979 
0.0018595060157 
0.0055766341407 
0.0111389585491 
0.0129831628965 
0.0111226567448 
0.00554631016412 
-0.00184637155491 
-0.00368302580769 
-0.00183852199086 
-0.00183419424245 
0.0018311917596 
0.00547345485648 
0.00729354942527 
0.00728758204823 
0.00727852927719 
0.0109032203966 
0.0217911844439 
0.0253829667287 
0.0253108452984 
0.028897493161 
0.0306697626346 
0.0323924550378 
0.0323565586029 
0.0341089073055 
0.0286677536353 
0.0268372472786 
0.0143004694332 
-0.001787162043 
-0.00713948472666 
-0.00713456695215 
-0.00356454001984 
0.00356286619774 
0.00534610567518 
0.00356654595244 
0.0035694469946 
-0.00178461147914 
-0.00891475726247 
-0.0160412556722 
-0.0231551320733 
-0.0267042306407 
-0.0284493276728 
-0.0231051278593 
-0.0142074823174 
0.0141832449 
0.030107493377 
0.0335995643 
0.0282604046321 
0.0158840945123 
0.0 
-0.0123415646744 
-0.0246485287548 
-0.0263708465594 
-0.0210780763338 
-0.010536789718 
0.00876730768855 
0.0175262878586 
0.0262509440761 
0.0297300201746 
0.0349434484854 
0.0244528795584 
0.0174731877611 
0.0122298578876 
-0.00174606420026 
-0.00698385786901 
-0.00698386135756 
0.0 
0.00348542451468 
0.00521661417352 
0.0138680206696 
0.0225114730099 
0.0224507196635 
0.0258606419225 
0.0223547849203 
0.0137590055087 
0.00860346070006 
0.0 
-0.00172145777794 
0.00172147558276 
0.0068771735401 
0.00687367470178 
0.0154131335092 
0.0153744406994 
0.0170464397569 
0.0101959423343 
0.00678281590433 
0.00168771207265 
-0.00337541453088 
-0.00168347453506 
-0.00503008860353 
-0.00669331395604 
-0.0100090523472 
-0.0182924615555 
-0.0215841434847 
-0.0215343993265 
-0.0165209614552 
0.00165065774067 
0.00985923940819 
0.0229503138295 
0.0309922904777 
0.026060824405 
0.0243232875373 
0.00810245570909 
-0.00161614302153 
0.0 
0.00644494269002 
0.00802725527651 
0.00641616749209 
0.00320376815463 
0.00160000034365 
-0.00159939973936 
-0.00478228269491 
-0.0111372315744 
-0.0174180384319 
-0.0110757234581 
-0.00473641109021 
0.00157412869388 
0.00314187843073 
0.00313465940189 
0.00625349018837 
0.00779597338922 
0.00622105729301 
0.00466058090834 
0.00310586819837 
0.0 
-0.00154933893476 
-0.00154775490913 
0.0 
0.00154792307162 
0.00309550240287 
0.00464044630965 
0.00309260989578 
0.00463940673498 
0.00463916350481 
0.00927226614658 
0.00771899858217 
0.00617275427336 
0.00617214386724 
0.00617420083646 
0.00772129940573 
0.00926734732415 
0.00772238094822 
0.00926903551098 
0.0123650556295 
0.0170058404172 
0.0201156841463 
0.0170091139914 
0.0108170648127 
0.00771894857949 
0.00154150307084 
0.00153919460745 
0.00615085183689 
0.00615013438187 
0.00768852829657 
0.00461430859037 
0.00461535793821 
0.00615366239056 
0.00614988549882 
0.00922520497844 
0.00923121334564 
0.00924781722096 
0.00926244462636 
0.00619441573467 
0.00154972373823 
0.0 
-0.00155372054761 
-0.00155659267818 
0.00311680060516 
0.00468104632143 
0.0078086077709 
0.0109394630474 
0.0078450747335 
0.00314092601567 
-0.0047240469501 
-0.00945633215321 
-0.0110534977317 
-0.00790923290598 
-0.00476213895004 
-0.00477996426396 
-0.00478214274777 
-0.00319256841349 
0.0015979146879 
0.0 
0.00160106831632 
0.0016037293497 
0.00321130422174 
0.00321502851446 
0.00804618043258 
0.00967563755133 
0.0112956111547 
0.00807141550055 
0.00323186640574 
0.00161682195701 
-0.00323987296652 
-0.00810755701878 
-0.00813206273489 
-0.00814750205022 
0.0 
0.00984105696784 
0.0115028305137 
0.0131928620709 
0.00495307130953 
-0.00165538103158 
-0.0066269299292 
-0.0099521730579 
-0.0132952187701 
-0.011657612842 
0.00166818854817 
0.00836658751996 
0.020128750088 
0.0286207312618 
0.0269632106363 
0.027010369843 
0.0202764501188 
0.0118300539014 
0.00676363347467 
0.0 
-0.00339363779341 
0.00169785849117 
0.00509876141432 
0.00852538103918 
0.0102566660818 
0.0119793181113 
0.0102744967007 
0.00687089743999 
0.00344201197011 
0.001721468376 
-0.00172431421809 
-0.00517777569006 
-0.00518937459463 
-0.00520094346148 
-0.00520094346148 
-0.00347484510993 
-0.00347923042095 
-0.00522022618626 
-0.0052228327957 
-0.00523054824468 
-0.00523307159039 
-0.00523922962142 
-0.00525728045638 
-0.00525948230118 
-0.00526107572283 
-0.00701471729329 
-0.00702206067568 
-0.00877811779226 
-0.0105338339389 
-0.0105353790991 
-0.0105369582412 
-0.0105389323934 
-0.00878496373608 
-0.00703512712634 
-0.00880823301598 
-0.00881550842753 
-0.00706683400748 
-0.00707226514257 
-0.00177006827466 
0.00885330266686 
0.0212480914033 
0.0318755021593 
0.0300950971031 
0.0212506424304 
0.00708376378104 
-0.00353978516108 
-0.0141547157591 
-0.0176810977281 
-0.00883545154468 
-0.00706261390313 
0.0035262403762 
0.0140930872556 
0.0123244767858 
0.015841937969 
0.0228719415352 
0.0246140267472 
0.0228499136866 
0.0140489062155 
0.00351125967654 
-0.00526887597698 
-0.0140531364671 
-0.0140610837492 
-0.0140671786664 
-0.0105518784386 
-0.00527261377399 
0.00702757742692 
0.0175542174067 
0.0245587220331 
0.0210403938914 
0.0157764247089 
0.00350503530152 
-0.00525387803834 
-0.0157445228436 
-0.0192128196771 
-0.00523325266877 
0.0139358132694 
0.0278158398031 
0.0330278168485 
0.0278062669919 
0.0139191226229 
0.00696405559933 
-0.00174105127158 
-0.0121913543594 
-0.0104528870387 
0.0 
0.00870560318974 
0.0139240989246 
0.0156544108195 
0.0104368548493 
0.0 
-0.0121538792919 
-0.0225518448581 
-0.0294597386201 
-0.0363714595284 
-0.027667014077 
-0.0259314420883 
-0.0138054766199 
-0.00172505503186 
0.00172284327279 
0.00688496219396 
0.00860172738867 
-0.0017200443192 
-0.00859361425735 
-0.0137541836921 
-0.0154797235739 
-0.0137618753886 
-0.00860559018486 
-0.00344396914567 
0.00172223517378 
0.00688973530161 
0.00860538184989 
0.00687785185551 
0.00515572626124 
0.00171719257587 
0.0 
-0.00171696243267 
-0.00171679756042 
0.00171723377477 
0.00686754778413 
0.00858301184537 
0.0154493644075 
0.0171559994485 
0.0205807238092 
0.0240066644969 
0.0274294404563 
0.0325548215385 
0.0325262294699 
