0.39793813902 
0.426158516464 
0.435310880576 
0.440943987825 
0.44881958806 
0.42267958765 
0.336055912886 
0.236439187797 
0.0605718274041 
-0.0716116293148 
-0.154180492612 
-0.209124274297 
-0.170816260659 
-0.121507650118 
-0.0553395589487 
-0.0166278683041 
-0.0222130441449 
-0.0501178480737 
-0.089269475573 
-0.122892052012 
-0.139974795435 
-0.134618959187 
-0.112325970695 
-0.0787023090916 
-0.0449981683245 
-0.039394563058 
-0.033786106743 
-0.0450635995216 
-0.0620227419432 
-0.0733786302639 
-0.0790200237298 
-0.0677327770968 
-0.0677611103696 
-0.0565499102806 
-0.0452824905796 
-0.0340107728541 
-0.0283451158773 
-0.0283442836345 
-0.0340210795832 
-0.0396839427746 
-0.0396638032346 
-0.0339251970521 
-0.0282604590739 
-0.0169411751364 
-0.0056326544804 
8.12943102788e-47 
-1.11145496829e-75 
-0.00560779989691 
-0.0112060328804 
-0.0167997550964 
-0.0167972337203 
-0.0167900978923 
-0.0111923292934 
-0.00559387168485 
8.02490922293e-47 
-1.10374598604e-75 
0.00559317224783 
-8.09436769584e-47 
1.1036479436e-75 
-5.7879354585e-107 
-0.00556489404252 
8.04253276524e-47 
-0.00554610668038 
-0.00553963806596 
-0.0221330058508 
-0.0386626367082 
-0.0496771815659 
-0.066240530801 
-0.0773268581299 
-0.0718254336356 
-0.0552315816088 
-0.0165613029275 
0.0165306358718 
0.0440245975656 
0.0550188230427 
0.0494845222072 
0.016494856666 
-0.00549646925385 
-0.0164824879678 
-0.0274404613633 
-0.038406982591 
-0.0274213626319 
-0.0109567702845 
-0.00547528318606 
-0.00546722079612 
-0.0218555879323 
-0.0436224152345 
-0.0544847849474 
-0.0489683081056 
-0.0271947582343 
0.0108772827168 
0.0489148327414 
0.076048986801 
0.0867797418803 
0.0866540980275 
0.0864759229957 
0.0432168689625 
0.0161994583204 
-0.0161729932237 
-0.0431118424334 
-0.0376858400954 
-0.0322644759996 
-0.00537232763179 
0.0375617316605 
0.064278398945 
0.0801509226784 
0.0692585762429 
0.0425889323263 
-0.0212421516422 
-0.0529816808714 
-0.0740248933069 
-0.0632343558282 
-0.0263366726427 
0.0210198368814 
0.0577373141139 
0.068095386876 
0.0471139735122 
0.0104590498207 
-0.0260934647427 
-0.0416766208964 
-0.0468156144735 
-0.0259996542754 
0.0103985549624 
0.046758670959 
0.0778345587129 
0.088164626364 
0.0777520504044 
0.067333894825 
0.0465922041005 
0.0206848254919 
-2.98915323265e-46 
-0.0103251580496 
-0.00516112234451 
7.44994741945e-47 
0.0154794026025 
0.0257845036726 
0.0309263703812 
0.0309237490188 
0.0206129990521 
0.0103033013294 
0.00514786131132 
0.00514579654892 
0.00514300070289 
0.0102792466727 
0.0154089097939 
0.0153962454457 
0.0205181364968 
0.0153832989893 
0.0102563873908 
-1.48135645388e-46 
-0.00514088555348 
-0.0102871355841 
-0.0102806268502 
-0.0154126542356 
-0.0256774210641 
-0.0359308741166 
-0.0410434162188 
-0.0204939335642 
-0.0204662990297 
-0.0306955910129 
-0.0460416255702 
-0.0665284845678 
-0.0665540453235 
-0.0717107558276 
-0.0717528310965 
-0.0615079040262 
-0.0512707841764 
-0.0410124925171 
-0.0358863903821 
-0.0358666430117 
-0.056321802416 
-0.0563019562471 
-0.0409343533434 
-0.0204683113176 
-0.0102428397008 
1.47474470218e-46 
0.0102663860008 
0.0051472831528 
-0.0103119678559 
-0.0206740531886 
-0.0362493054486 
-0.0621887847268 
-0.0727114774102 
-0.057239121347 
-0.0365140378123 
-0.0313794937421 
-0.0209200341455 
-0.0314282533642 
-0.0209819290485 
-0.0157650049861 
-0.0210198746934 
-0.0210288268096 
-0.01577607669 
-0.0262990709683 
-0.0368184156179 
-0.0368353158426 
-0.0368417876506 
-0.021056383885 
-0.00526567082725 
7.58199870091e-47 
0.0105426906522 
0.0105397972785 
0.0105430496438 
0.0158161299361 
0.0105556098712 
-1.52489245005e-46 
-0.0105795132924 
-0.0105953359277 
1.52405387012e-46 
0.0105917907446 
0.0264716615168 
0.0317366276051 
0.0264478766685 
0.0158837201311 
0.0106028935366 
0.0159132956145 
0.0212505262127 
0.0318953522476 
0.0372457984207 
0.0319310386255 
0.0159729921438 
-2.30590102598e-46 
-0.0159885814258 
-0.0053325117616 
-0.0106681419836 
-0.0266760318172 
-0.0373413375884 
-0.0426686985345 
-0.0480200832469 
-0.0480481794095 
-0.0320488046701 
-0.00534340153542 
7.6822607871e-47 
0.0213916479199 
0.0374487965415 
0.0267586155004 
0.0160646354654 
-0.0107177013693 
-0.0214553380571 
-0.0107324435138 
-0.0268363344758 
-0.032225238016 
-0.0322359961324 
-0.0214968307968 
3.10513785724e-46 
0.00538147582166 
0.0269331967077 
0.0377371249113 
0.0269718314627 
-3.90480233086e-46 
-0.0215851352866 
-0.0485657612441 
-0.0485827176723 
-0.0377887195131 
-0.0269991459866 
-0.00540663419953 
0.00541152928151 
0.037980162657 
0.0380407143362 
0.0217687106771 
-3.1497730279e-46 
-0.0109246721205 
-0.00546765236215 
-0.0109431317918 
-0.0274235652331 
-0.0329342949779 
-0.00549684114043 
0.0110054512165 
0.0275273843716 
0.0220105399548 
0.0220064019286 
0.0329969203378 
0.0110034956392 
-0.0110094330088 
-0.0275297935385 
-0.0495375060783 
-0.0660068163273 
-0.0659793475757 
-0.0604567793164 
-0.0549567206334 
-0.0495113100667 
-0.038518078309 
-0.0385390981704 
-0.0385576089442 
-0.0495782441807 
-0.0495834229711 
-0.0550872478589 
-0.066089701214 
-0.0550577867496 
-0.0495291320221 
-0.0550294612458 
-0.0440282864404 
-0.0440550465729 
-0.0440970926738 
-0.0276135047227 
-0.0276334858259 
-0.0387159661603 
-0.0442610090046 
-0.0331958907519 
-0.0331577265866 
-0.0496928649382 
-0.0551503428259 
-0.0496152633602 
-0.0550337564423 
-0.0714404156567 
-0.0603107058008 
-0.0601562532418 
-0.0600487423571 
-0.054448427718 
-0.0489692478699 
-0.0380389268486 
-0.0271580116001 
-0.0217221257329 
-0.0162740592321 
2.350509469e-46 
-0.005415340954 
-0.0108258309723 
-0.0270399332821 
-0.0486405700841 
-0.0486077721004 
-0.0485513774625 
-0.0431346648545 
-0.037679880384 
-0.0268855034675 
-0.0214758910576 
-0.0214463409428 
-0.0267875180068 
-0.0481980076347 
-0.0642596510104 
-0.0589166047474 
-0.0535597447218 
-0.0535536917016 
-0.0374876527996 
-0.0214261775242 
-0.0160678497616 
-0.00535947139891 
-0.00536547830505 
-0.0107355645708 
-0.0322166727352 
-0.048317845858 
-0.0643622939843 
-0.0696804657496 
-0.0642687060243 
-0.0481995673001 
-0.0214304248793 
-0.0214408641902 
-0.0107276651273 
1.56060726849e-46 
-0.00536693937215 
-0.0107409990242 
-0.0161191884449 
-0.0161298895055 
-0.0107779117848 
-0.00539552443089 
7.84468135758e-47 
-1.06491748969e-75 
5.58437254447e-107 
-0.0108266063836 
-0.0108273557336 
-0.00541429099814 
-0.0108316505757 
-0.0108353730245 
-0.00542212659738 
-0.00542742154422 
7.82705781527e-47 
-1.06967492006e-75 
5.56861310326e-107 
-0.00545269019793 
-0.00545998420935 
7.86843555394e-47 
-1.07695536196e-75 
0.00548059980588 
0.0109846200107 
-0.0165291745602 
2.390347027e-46 
-3.26092637266e-75 
1.70853965111e-106 
-0.00555873105369 
-0.011141856446 
-0.0111626944415 
-0.0111809314923 
-0.0167958704485 
-0.0224200197792 
-0.0280881672781 
-0.0224979580887 
-0.0168875091703 
0.01125687045 
0.0337601476415 
0.134985801675 
0.112586987716 
0.112723272728 
0.0451392980231 
-0.0113013980373 
-0.113094605706 
-0.0282910071936 
-0.0396088733157 
0.0113172742421 
0.0282686821996 
0.0112966989396 
-0.0281846296183 
-0.0451129238094 
-0.0959037514675 
-0.0960259382785 
-0.112971262317 
-0.11857989326 
-0.0677544888032 
-0.0225918768052 
0.0112849218361 
0.0168851792127 
0.0337322017378 
0.0224647737824 
-0.0224801464381 
-0.0393682893918 
-0.0899550294232 
-0.106669393032 
-0.0673582041118 
-0.0392824688902 
0.00560549195248 
0.0504094119798 
0.0447902011855 
0.0447006937059 
0.0111646662046 
-0.0334817067414 
-0.0446120060347 
-0.0501758108114 
-0.0612751241377 
-0.0278417846891 
-0.0444809206054 
-0.0610226297066 
-0.038793070472 
-0.0276728601633 
-0.0166039803722 
-0.0276527356057 
-0.0331785178733 
-0.0221033733555 
-0.0110516309481 
-0.0386793195742 
-0.0607846714288 
-0.049783890514 
-0.055341459535 
-0.0719345536437 
-0.0885656264544 
-0.110690210519 
-0.127281669065 
-0.138312587809 
-0.132752374576 
-0.127243456314 
-0.127241916971 
-0.0995578323954 
-0.077426916563 
-0.0718867957993 
-0.066372125989 
-0.0665443193966 
-0.0722243729906 
-0.0778387998789 
-0.077906724017 
-0.0779911074879 
-0.0724333996058 
-0.0612899398895 
-0.0557300882024 
-0.0446125466048 
-0.0279042425644 
-0.0279199356473 
-0.0223464762555 
-0.0335859483842 
-0.0335859483842 
-0.0336062241432 
-0.0336027787303 
-0.0280244307553 
-0.0280770496057 
-0.0224748319344 
-0.0168565860601 
-0.0168323293049 
-0.0112116380249 
-0.0112023997785 
-0.0112033552363 
-0.0112048844945 
-0.0112122376724 
-0.0112181524532 
-0.0112188764337 
0.00560895153838 
0.0392356512692 
0.0504173087255 
0.0783992947537 
0.0783051747048 
0.0558836233437 
0.0446110285988 
0.0278829910219 
-0.0111486794068 
-0.0167327231642 
-0.022306882546 
-0.0278597801364 
-0.0222473224868 
-0.0222346300101 
-0.0222083084387 
-0.0277506053498 
-0.027727458633 
-0.0387960975422 
-0.044337360759 
-0.0498651085659 
-0.0442775099891 
-0.0387249298189 
-0.0275921156498 
-0.0165437762285 
-0.0109828307099 
1.58076325536e-46 
-2.1658871879e-75 
-0.00544723897974 
-0.0108475381478 
-0.0162622056302 
-0.0216369120979 
-0.0215813185522 
-0.02150457113 
-0.0107434447345 
-0.00536663029162 
7.76331237693e-47 
0.00533999301667 
0.0106608750807 
0.00532172360923 
0.00530969847497 
-7.68369739813e-47 
-0.00528779899271 
-0.0105674986177 
-0.0105498088717 
-0.0105206916777 
-0.00525830116503 
0.0105092917748 
0.0367346515203 
0.073391097647 
0.0681191486905 
0.0628590821619 
0.0628322849824 
0.052269830318 
0.0417683297823 
0.0261056712644 
0.00522327106203 
-0.0104505399575 
-0.0209140432674 
-0.0209301776187 
-0.0157138052168 
-0.0104847674811 
-0.0052483638933 
7.57209276671e-47 
-1.03462949144e-75 
-0.00525680075216 
-0.00525913587547 
-0.00526815634516 
-0.00527327141572 
-0.00528536143287 
7.62217369546e-47 
-1.0431568118e-75 
5.49046041264e-107 
6.1861060264e-136 
-3.24630047587e-167 
-3.67072429769e-196 
0.00533290031078 
0.0106783362105 
0.0160450547955 
0.0160450547955 
0.0160518282008 
0.0160630748826 
0.0161130433077 
0.0107536887889 
0.0107728000515 
0.0107895842797 
0.0108020505097 
0.0108287578811 
0.0108407026203 
0.0108663617007 
0.0108689791265 
0.0163320826327 
0.0108978666264 
0.0109082418381 
0.0109219239418 
0.0109427298894 
0.0109507298224 
0.0054764640631 
-7.92473066064e-47 
1.07874858983e-75 
0.005477010045 
0.0054773797495 
0.0054804746324 
0.00547993823942 
0.00547871118841 
-7.92703592021e-47 
-0.00547376521772 
-0.0109476349381 
-0.0109443207402 
-0.0109404019315 
-0.00546771243087 
-0.00546351746995 
0.00546196472308 
-7.9350876239e-47 
0.00545820598981 
-0.00545385736424 
-0.0381401298397 
-0.0598844221302 
-0.097870354313 
-0.114120863975 
-0.097728902076 
-0.0651340640946 
-0.0216975844436 
0.0162684230721 
0.0433827388645 
0.0542523470777 
0.0488628203039 
0.0326075005777 
0.0108753997044 
-0.0108858326924 
-0.0217896284733 
-0.016365486697 
-0.00546484484426 
0.0109372478956 
0.0218987535819 
0.0219082986693 
0.0164376473254 
0.00548086179458 
-0.00548074331536 
-0.0109538184208 
-0.0109508056775 
-0.00547532334358 
-0.00547374916378 
-0.0218813931223 
-0.0382651603192 
-0.0382401440308 
-0.0327712179066 
-0.0109244083419 
0.0109246685678 
0.0273080742529 
0.0327340260359 
0.0327073198585 
0.0218026597321 
0.0109011996155 
-0.00544930041609 
-0.038135784927 
-0.0653703826923 
-0.0870728891441 
-0.0924751982686 
-0.0815990703739 
-0.0543990138738 
-0.038095963039 
-0.0272222021013 
-0.0381198950008 
-0.0435635880157 
-0.0489815474362 
-0.0271708676641 
3.92283012883e-46 
0.0108590364514 
0.0217197891684 
0.0217234004345 
-0.0326026273774 
-0.0543148909475 
-0.070576091057 
-0.103148316741 
-0.168178079736 
-0.195195050743 
-0.243647654911 
-0.248792290222 
-0.238038042624 
-0.216438554812 
-0.20529214447 
-0.183732569501 
-0.151165704251 
-0.0917884847218 
-0.0701685288597 
-0.0647375627563 
-0.0701487967103 
-0.107938573458 
-0.0917487474169 
-0.0809975059389 
-0.0378271255713 
-0.0108196360339 
0.0162489295928 
0.0216785721877 
0.010849980934 
-0.0108584757421 
-0.0488639494897 
-0.108653903575 
-0.114192829639 
-0.103346188004 
-0.0707716261974 
-0.0381378041832 
-0.0163665471033 
0.0163680582203 
0.0382303157163 
0.0874498283208 
0.109561576819 
0.0548897090069 
-7.93180346426e-46 
-0.0275406467834 
-0.0716219977549 
-0.115733032787 
-0.181791187687 
-0.225630568236 
-0.258464164555 
-0.247429645792 
-0.187126135951 
-0.154172450118 
-0.110149288061 
-0.0882445431915 
-0.104966755981 
-0.116030273926 
-0.0995922880044 
-0.0830493015179 
-0.0719927264497 
-0.0665005045566 
-0.0721899000009 
-0.083360149276 
-0.0999938265668 
-0.0999938265668 
-0.111019099288 
-0.110931791826 
-0.0998350032733 
-0.0887479529655 
-0.066543698869 
-0.0332772044086 
-0.0110905606425 
0.0221794331838 
0.0443636485517 
0.0555091413133 
0.0610668133715 
0.033305801715 
-0.00555225683336 
-0.0277579587214 
-0.0499845766352 
-0.066659465213 
-0.0666503962232 
-0.0555344239373 
-0.0388823848482 
-0.0277849797343 
4.02880524958e-46 
0.027810561485 
0.0278146830716 
0.0389583630437 
0.0501181097463 
0.0334350114427 
0.0167326412109 
-2.4130454813e-46 
-0.0334771970284 
-0.044652696451 
-0.0502517610364 
-0.0502866944428 
-0.0335326824463 
-0.01675564878 
-0.0223031154191 
-0.0278786409516 
-0.0334327544016 
-0.0501132505592 
-0.0666072669151 
-0.0942302719983 
-0.0996830980321 
-0.0996824245133 
-0.0664630903444 
-0.0498456430224 
-0.0332214763644 
-0.0221444147272 
-0.0442966039109 
-0.06651872812 
-0.0831828692213 
-0.0943248238044 
-0.0943747043545 
-0.0943794832503 
-0.0943182362219 
-0.0887593224661 
-0.0942499384627 
-0.0942122995195 
-0.110798978118 
-0.121803933302 
-0.105160514917 
-0.110655195281 
-0.105112535935 
-0.0940403037673 
-0.0939483759394 
-0.0939089858627 
-0.088233826436 
-0.093546931881 
-0.10434801847 
-0.12603679222 
-0.120376741172 
-0.0928571168559 
-0.0654365174888 
-0.0490632356361 
-0.0544143573827 
-0.059840522294 
-0.0435171899304 
-0.0380764624079 
-0.0435173026668 
-0.0380758613298 
-0.0325900134005 
-0.0487724063979 
-0.0595978618181 
-0.0649578869888 
-0.0594520113367 
-0.0593712928865 
-0.0539389785167 
-0.0430757157205 
-0.0430548418894 
-0.0483694081526 
-0.0374841005148 
-0.0267064650564 
-0.0319183702489 
-0.0212310125822 
-0.0317371422869 
-0.0369508161451 
-0.0421427488691 
-0.057804058814 
-0.0890128217451 
-0.104345668626 
-0.0832725791646 
-0.0466408705943 
-0.0103512220881 
0.020661058631 
0.0464350106309 
0.0206059882353 
-0.0205898401119 
-0.0667696804851 
-0.0973904624139 
-0.117738776555 
-0.127685413823 
-0.122463355235 
-0.0967810020607 
-0.0763206020604 
-0.0559125082043 
-0.0457507841359 
-0.0457690807164 
-0.0508369323546 
-0.0660187360636 
-0.0709599136493 
-0.0759071907941 
-0.0756296962715 
-0.0653952419728 
-0.0501832893105 
-0.035085697376 
-0.0300320718121 
-0.0250241373908 
-0.0300206013253 
-0.0399752092485 
-0.0399043960392 
-0.0398312269054 
-0.0347947853346 
-0.0297886631486 
-0.0296996453092 
-0.0247318463235 
-0.0246768194525 
-0.0246650285189 
-0.0246297376721 
-0.0393782343419 
-0.0246049142575 
-0.014756638637 
-0.00983813410202 
-0.00985023602219 
-0.0197032191606 
2.83823557329e-46 
-3.88877329649e-75 
2.04184975351e-106 
-0.00494009455258 
-0.00494481556782 
-0.00989429343832 
-0.00495209524669 
-0.00495221460269 
7.15343758443e-47 
0.0148546265525 
0.0247572276745 
0.0445714771718 
0.0495191578511 
0.0495199643796 
0.0495207782335 
0.0643906989796 
0.0148694793769 
0.00496010703748 
0.0148649066205 
0.0148632481838 
-0.113964599233 
-0.118936263912 
-0.123885430238 
-0.123859563101 
-0.0842334499652 
-0.0198435244817 
0.0248291628123 
0.0447122246187 
0.0546683724447 
0.0846488734837 
0.0846933271235 
0.0798136511652 
0.104843876554 
0.0250157968706 
-3.61689211629e-46 
-0.0251001507041 
-0.0553271534448 
-0.0758112697978 
-0.0506856134405 
-0.0203749102506 
-0.00510105746767 
0.0306875601578 
0.0513127210792 
-0.0308989428212 
-0.0412784506066 
-0.098109245844 
-0.0465114318401 
-0.0516665007987 
0.0464824559206 
0.0258063882428 
0.0980029513604 
0.108380112365 
0.0206690257136 
0.0103598815939 
-0.0414996533169 
0.0155736792651 
-0.062306692046 
-0.0259744280895 
-0.0103933657616 
0.0208056878161 
-0.0208375181727 
0.0208719306796 
0.0313331936732 
-4.53354350126e-46 
-0.0157289857289 
0.0105018915885 
-0.00525690398868 
7.62812059694e-47 
-1.03591590314e-75 
-0.0105658143706 
-0.0158953077304 
-0.0318718105473 
-0.0372826088757 
-0.0320121658387 
-0.0374600230867 
-0.0321479346349 
-0.0215265565142 
-0.0215406801861 
-0.0215718709239 
-0.0216097719687 
-0.0162164766579 
-0.00541210075567 
-0.0108323133023 
-0.0108426768709 
-0.01085254402 
-0.0162864775415 
-0.0217330164332 
-0.00543436761835 
-0.0163300965632 
-0.0218027923874 
-0.0218360477405 
-0.0218595360828 
-0.0164294998628 
0.0164695308752 
-2.3814400386e-46 
3.24876383889e-75 
0.0165955428896 
0.0443698005286 
0.0444365638131 
0.038893143081 
0.0499967921919 
0.0111133821475 
-0.00555714394711 
-0.0277883076191 
-0.00555863677668 
-0.01111927035 
-0.0222377336904 
-0.0222298262576 
-0.0333460287363 
-0.0166651423426 
0.00555189897291 
0.0333046295854 
0.0443941908544 
0.0776853153879 
0.1109259518 
0.110901426744 
0.0886852825515 
0.088630962288 
0.0332409114233 
0.0332598176846 
0.0277235024102 
0.0166322616206 
0.00554269215441 
0.0332512312371 
0.0664933922867 
0.099773366099 
0.099773366099 
0.127421180875 
0.0886043418198 
0.0718225223946 
0.0496675119589 
0.0275605225505 
0.0384859206916 
0.0384581840918 
0.0492953523491 
0.0820106519679 
0.0871615533061 
0.0925653750634 
0.0979409208436 
0.0761197282489 
0.0706023632046 
0.0542906886484 
0.0650380103993 
0.0810997958006 
0.0864250868019 
0.124124472872 
0.134923681614 
0.140324766114 
0.140314391939 
0.11872606945 
0.0917799387768 
0.0810079335865 
0.0809950003188 
0.0863621561552 
0.0755646209447 
0.0863092227391 
0.086207835251 
0.0753577288661 
0.0698838803508 
0.0590950053452 
0.0482679382012 
0.0429055152525 
0.0428658634286 
0.042821092336 
0.0535063904156 
0.0534923466259 
0.0427935304784 
0.0374561449325 
0.0214206205771 
0.00535567774778 
-0.00535598386015 
-0.01606849918 
-0.0267707804033 
0.0107050724665 
0.058882943181 
0.0642728041542 
0.0697275515849 
0.0590217369177 
0.0214978350054 
-3.10473026063e-46 
-0.0053864450474 
-0.00539413047454 
0.0107957535164 
0.0378280534846 
0.0595004817344 
0.0596249668255 
0.0380060744019 
0.00543400765261 
-0.0054380385618 
7.89628242126e-47 
-1.07308163133e-75 
-0.00544785424309 
0.0218139801505 
0.038201267515 
0.0436617595485 
0.0382316550785 
0.0218607878429 
0.0273418388557 
0.0219122462362 
0.0109700711442 
-0.00550107123534 
7.91654531872e-47 
0.0110192501051 
0.0165195212166 
0.0110086122498 
-1.59422062567e-46 
-0.0109921660824 
-0.0219750317338 
-0.0164778312502 
-0.0109870189294 
-0.0109910422309 
1.59104003567e-46 
0.00549597333348 
0.0164790787122 
0.0109812133892 
0.0109727029364 
0.0328803950584 
0.0438019990003 
0.0710579826057 
0.0764381876979 
0.0817419950755 
0.0762853766203 
0.0381490763642 
0.0217914570711 
0.0054435088592 
0.0326525119567 
0.0435367725612 
0.0489654216287 
0.0544177638197 
0.0544992574516 
0.0599713788666 
0.0436447821958 
0.0327167268469 
0.0490360435755 
0.0489550323361 
0.0542390298509 
0.0866149184777 
0.118988814525 
0.135137508329 
0.108002929401 
0.0647724036437 
0.0431171160477 
0.0215442252261 
0.00537980263978 
0.0215000982577 
0.0322444298463 
0.0375922095961 
0.0322041317619 
0.0375418839616 
0.0482479477912 
0.0535758401149 
0.0482015881003 
0.0374817048207 
0.0160680034653 
0.005361296229 
-7.71737423348e-47 
1.0573819266e-75 
0.010793283935 
0.0270181867535 
0.0378242691011 
0.027011061508 
0.010790726231 
-1.56783041512e-46 
2.12616734871e-75 
0.0161510017058 
0.0376742575217 
0.0430468324021 
0.0430363656028 
0.0430409625098 
0.0376476207948 
0.0107468205787 
-0.0268172408031 
-0.0482196829632 
-0.0587857839523 
-0.0747419290118 
-0.143841534222 
0.0852444776562 
0.132935356999 
0.159356108064 
0.16972453861 
0.0796008146766 
0.00530639985859 
-0.0847741745187 
-0.148283347262 
-0.174707590605 
-0.164031272378 
-0.0582143455367 
-0.0211687937429 
0.0687942084768 
0.137561812092 
0.163843846691 
0.121575168979 
0.0633952608393 
0.0422340737651 
-0.0105589292527 
-0.0263862061938 
-0.0105504764905 
-0.00527292502582 
-0.00527230809273 
0.0263604025995 
0.105368554632 
0.0473995430921 
0.0473995430921 
0.0105241144123 
-0.0105152070945 
-0.0420384724771 
-0.0315293821679 
-0.0157570399714 
2.27990838918e-46 
0.0209896783533 
0.0367037516802 
0.0419656390448 
0.0419896121821 
0.036753827003 
0.0210140516064 
0.0157641616421 
0.0105001362935 
0.00524770965695 
0.0104888979452 
0.0104827055131 
0.0156978751777 
0.0208874757382 
0.0208665797004 
0.0156434217779 
0.0156165808986 
0.00519984043051 
0.0051934516981 
-7.44745840732e-47 
1.02374783472e-75 
0.00518399177401 
0.0051860977161 
0.00518913058722 
0.00519221315083 
0.00519557778954 
0.00519883093493 
0.00520067962811 
-7.51883792986e-47 
0.00520337252326 
0.0312184064976 
0.04163640405 
0.067683498832 
0.0677074043655 
0.052083648872 
0.0312433047406 
-0.00520691304946 
-0.0312521306279 
-0.0572942756948 
-0.057265640386 
-0.0364300344307 
-0.00520299335161 
0.0156049610367 
0.036423331305 
0.0468302174493 
0.0572216003354 
0.0520069192911 
0.0416001341759 
0.0259994711695 
0.0260115334984 
0.0260287384414 
0.0364546308543 
0.0416458298655 
0.036425697994 
0.0312115399157 
0.031193999263 
0.0363799701795 
0.0363722615897 
0.0415659490509 
0.0363655122234 
0.031163365569 
0.0467292346298 
0.051895185517 
0.0569766369514 
0.0620648921068 
0.0671374926528 
0.082077675016 
0.0871503832354 
0.0819970819016 
0.0768008137952 
0.0768008137952 
0.0767288554157 
0.0664714884122 
0.0460043128274 
0.0562111070317 
0.0664199828923 
0.0715097370215 
0.0612878995039 
0.061276614619 
0.0612838237978 
0.0612687740013 
0.0663920322281 
0.066392824437 
0.0510775759122 
0.025547789604 
0.0204477099408 
0.0102295995279 
0.0204791121057 
0.0307363567674 
0.041011453664 
0.0563880058484 
0.0616063725095 
0.0616285306347 
0.0616674188272 
0.0514375543811 
0.0514803168107 
0.0515525723637 
0.0515585494075 
0.0413313282548 
0.0413672708149 
0.051762967581 
0.0466432089128 
0.0466621867408 
0.0518428701534 
0.0466572977451 
0.0518237577028 
0.0517975909196 
0.0414367243623 
0.0310767058738 
0.0155477797206 
0.00518538567385 
0.00519470368862 
0.0207878810087 
0.0208198907264 
0.0260596887533 
0.0208879757443 
0.0157031742606 
-2.26693211651e-46 
0.00525261096437 
0.0105143974876 
0.00526447720905 
0.00526729770924 
0.00527297178787 
-7.58037833731e-47 
-0.00528297596672 
7.63633934842e-47 
0.0052899130863 
0.00529094618449 
0.0158717007335 
0.0264692838182 
0.0318335790381 
0.0530661849637 
0.0583784964438 
0.0530160383118 
0.0423968086165 
0.0317933578962 
0.0317974579493 
0.0265191713756 
0.0053094148325 
-0.0106201877596 
-0.0265690182942 
-0.037213853482 
-0.0265885301905 
0.0106367520362 
0.0212737494984 
0.0265939899845 
0.037202862255 
0.042470473125 
0.0424688256006 
0.0318558282734 
0.0318714502281 
0.0265825131233 
0.00532626719784 
-7.67554546577e-47 
0.00534218771279 
0.00535204890695 
0.0107122417835 
-1.55243194943e-46 
2.11140510893e-75 
0.021575847135 
0.0377739425725 
0.0431724716335 
0.0700355546427 
0.113030494097 
0.134235358756 
0.14459980358 
0.117538269124 
0.0747592121896 
0.0426642552904 
0.0426349165492 
0.0479508076185 
0.0691732319373 
0.10101011401 
0.116849075132 
0.132755356562 
0.132704737322 
0.111438488928 
0.0901822895273 
0.0689284292978 
0.0582626230603 
0.052927882919 
0.0634921594592 
0.0634761157117 
0.0687558899018 
0.0687318549799 
0.0738920248694 
0.063295750825 
0.0580463374159 
0.0422241974143 
0.0369492283009 
0.0263786087349 
0.0316612475102 
0.0369608950247 
0.0422706667729 
0.0528696219894 
0.0740940247244 
0.100702881083 
0.127434178625 
0.127526264868 
0.0850639489194 
0.053214831304 
0.0159766687973 
-0.0159873969719 
-0.0266820171283 
-0.0267146115785 
-0.0213736012344 
-0.010685889516 
1.54779804361e-46 
0.0106953830053 
0.0106918871136 
0.00533990134488 
-7.72530900371e-47 
-0.0106658582661 
-0.0159820729022 
-0.0212918758515 
-0.0212755447445 
-0.0106394107894 
-0.010628221341 
-0.0106285021144 
0.00531405173769 
0.0265684257525 
0.0265670495608 
0.0424802703135 
0.0477686885638 
0.0424554991104 
0.0159006581802 
-0.00529776724676 
-0.0264588770298 
-0.03703226912 
-0.0423355025157 
-0.0370610204021 
-0.0211971688333 
-0.0159104681173 
-0.0106212210955 
-0.00531631559797 
0.0265946889326 
0.0638403660143 
0.0799016113309 
0.0693362223244 
0.0480995424209 
0.0160581749086 
-0.00535388532348 
7.7273469868e-47 
0.0160330043345 
0.0160020590112 
0.0213026770047 
0.0371517768833 
0.0424585909964 
0.0317844517614 
0.00528026438918 
-0.021094238612 
-0.0525565089938 
-0.0734500974879 
-0.0784253102694 
-0.0731988405274 
-0.0731139999141 
-0.0469546458905 
0.00520799108356 
0.0572489633409 
0.0780009889222 
0.0675217405449 
0.046709848665 
0.0207152728817 
-0.0154702629134 
-0.0308938092679 
-0.0411907527181 
-0.0617139359905 
-0.071916898786 
-0.0769765074742 
-0.051308826372 
-0.0102548344972 
0.0409856431815 
0.071698191497 
0.0665598363481 
0.0307084065547 
-0.0102313878347 
-0.0562128298276 
-0.0765774820973 
-0.0816051419378 
-0.0815646324016 
-0.0662058941367 
-0.040734276947 
0.00509475448796 
0.0305996273586 
0.0663226536336 
0.0663694193599 
0.0510944090156 
0.0255647345839 
-3.68721255581e-46 
-0.0153756973179 
-0.0205114467765 
-0.0102702276351 
0.0102847145062 
0.0412822389466 
0.0722956408454 
0.0830118508593 
0.0831479963237 
0.0781164908686 
0.0573729201451 
0.0469846845506 
0.026123120851 
0.0261539357584 
0.026202379043 
0.0263055432995 
0.0421758378855 
0.0264406473686 
0.0159013167338 
0.0212193540979 
0.0106305369038 
0.00532339122204 
0.0106675457688 
-0.00534585465546 
-0.0107073772752 
-0.00536447500557 
0.00536890271453 
0.0107520866259 
0.0215214747328 
0.0269208169119 
0.0323046457606 
0.00538820187154 
-0.0270158271859 
-0.0378834302893 
-0.0650935150793 
-0.0814052429774 
-0.0597431885549 
-0.0326475380461 
-0.0163223276167 
-0.0108786194439 
-0.0271848137582 
-0.0163108523712 
-0.0325821036788 
-0.0650482463369 
-0.0919435091434 
-0.113562381657 
-0.129773540047 
-0.135156439244 
-0.135194654105 
-0.108178678652 
-0.0865650686828 
-0.0595437160645 
-0.0324974974258 
-0.0325334078352 
-0.0434049027286 
-0.0597349613561 
-0.0815462158487 
-0.0979310024271 
-0.0925402658476 
-0.0817353472591 
-0.0764267002059 
-0.0655582291333 
-0.0546747435517 
-0.0710708104977 
-0.0819551376213 
-0.103814832666 
-0.114889634687 
-0.114931430784 
-0.104182798511 
-0.0768548467133 
-0.0550103911005 
-0.038595665673 
-0.0441270407403 
-0.0661556880156 
-0.0936416519863 
-0.11008110661 
-0.0990789342667 
-0.104654556141 
-0.104665981457 
-0.0992071706436 
-0.0937158043391 
-0.0992600957521 
-0.11031845939 
-0.115840679726 
-0.0937688598171 
-0.0827871674326 
-0.0772883813911 
-0.0607429863883 
-0.0552586114059 
-0.0552821881079 
-0.0332089261994 
-0.0276823049905 
-0.0443252153806 
-0.0609900522285 
-0.0832063512728 
-0.0887769099032 
-0.0721292523575 
-0.0665493499412 
-0.0665061208699 
-0.0609455222283 
-0.0719906974448 
-0.0830357768124 
-0.0830365976098 
-0.0609092874966 
-0.0553836295876 
-0.0608926535467 
-0.0774792856717 
-0.110674700127 
-0.127241016421 
-0.143741194326 
-0.154658610014 
-0.154529867069 
-0.170860022312 
-0.198222243932 
-0.219813275006 
-0.230595631075 
-0.224831188722 
-0.208146195629 
-0.180537172726 
-0.152945659035 
-0.141949771721 
-0.109130334909 
-0.0981893284485 
-0.0872828211634 
-0.0763431999749 
-0.0708667161936 
-0.0599133473041 
-0.0489964730682 
-0.0490053430654 
-0.043572200662 
-0.0435735710895 
-0.0435773437422 
-0.038094395589 
-0.027157550563 
-0.0217169336599 
-0.0162715526225 
-0.00541976037791 
7.78268992108e-47 
-0.00541737569294 
-0.0108271027401 
-0.0108158834714 
-0.0107946764041 
-0.0107878302351 
-0.00539072831471 
7.74902979051e-47 
0.00537656523406 
0.010738767255 
0.0160757052249 
0.0160726556757 
0.00535070288834 
-0.0106944781773 
-0.0426823998458 
-0.0585778947089 
-0.0745168452616 
-0.0797569144999 
-0.0690240871136 
-0.042438602299 
-0.0105761718021 
0.0158298614916 
0.0420027527977 
0.0470856573723 
0.0469892298112 
0.0469452416292 
0.0312404284431 
0.0103949118461 
0.00518932216325 
-0.0051857566799 
7.47654142832e-47 
0.00517743483069 
0.0155196595881 
0.020675196716 
0.0206625327295 
0.0154735763327 
0.0154616285678 
0.0102988997237 
0.00514510459146 
-7.44231333525e-47 
-0.00513277756117 
-0.00512538275499 
-0.00511556868821 
-0.00511135282424 
7.37405760647e-47 
-0.0153035360185 
-0.0254608550881 
-0.0407148699309 
-0.0711426911393 
-0.0913678648988 
-0.101497199616 
-0.101504158776 
-0.0659996426164 
-0.0507987722046 
-0.0304866699942 
-0.0101663902414 
-0.0101737678854 
-0.0152851096383 
-0.0509634552926 
-0.076532742559 
-0.0817330314648 
-0.0926168577385 
-0.0926644472358 
-0.0927042348688 
-0.0824512139074 
-0.0669966376225 
-0.0670516868348 
-0.0671087649371 
-0.0774879358612 
-0.0878328297277 
-0.0930711483012 
-0.0932102482192 
-0.0984483588988 
-0.0830435348508 
-0.0571086850564 
-0.0467558221773 
-0.046786153488 
-0.0363923276168 
-0.0415964546546 
-0.0468006656503 
-0.046832578418 
-0.0521049857785 
-0.0678497331133 
-0.0835439652825 
-0.0993051555444 
-0.0993027925079 
-0.104512141375 
-0.0836230240557 
-0.0679489507333 
-0.0418286346204 
-0.0261453400591 
-0.0366415396163 
-0.0366482633342 
-0.0314315441926 
-0.0366649962532 
-0.0576066250275 
-0.0732830448005 
-0.0889897962252 
-0.0994594282498 
-0.104690502411 
-0.0784833671113 
-0.0575144159728 
-0.0209120253748 
-0.0156869727484 
-0.00522846611219 
-0.0156743702887 
-0.00522602927795 
0.0365891450084 
0.0522424273554 
-0.03654858611 
-0.0364950804977 
-0.0520610386387 
-0.0466344504176 
-0.0517718534254 
-0.0103475953233 
0.0154760189581 
0.0515826733992 
-0.113388874761 
-0.118220799755 
-0.10794887906 
-0.143754378712 
-0.138081270297 
-0.0919806041686 
-0.0612365154298 
-0.0407147681623 
-0.0152599453409 
-0.015251596032 
0.0862987144864 
0.0760050568132 
0.0859756214482 
0.0454630708986 
0.0353473911518 
0.0100944817122 
0.00504707177358 
-0.0505071895753 
-0.166575561776 
-0.151456005409 
-0.181588664612 
-0.181581978343 
-0.126114892591 
-0.0403456934552 
0.0201689624015 
0.075589066586 
0.115767650312 
0.120652083557 
0.105514840219 
0.0552553186499 
0.0200806945643 
-0.0050116842742 
-0.03506567339 
-0.0250170934229 
-0.0250094483131 
3.61538200422e-46 
0.015005889758 
0.0150099125393 
0.0150157840816 
-2.16734490341e-46 
-0.0150251784778 
-0.0250506530137 
-0.0300919794161 
-0.0351213602547 
-0.0351230650415 
-0.0301002588928 
-0.0150516629987 
-0.0100589990545 
-0.0100810230486 
-0.0151589757237 
-0.020260998405 
-0.0507299913991 
-0.0762190407286 
-0.0763078913754 
-0.0611606536697 
-0.0357192709985 
-0.0153338179108 
-0.00511702384581 
-0.0102604040828 
-0.0205483445911 
-0.0257157036262 
-0.0309168051498 
-0.0309698643574 
-0.0310155351995 
-0.0362412025224 
-0.0415666979671 
-0.0416346400062 
-0.0573728622521 
-0.0522608621636 
-0.041915140296 
-0.047259020956 
-0.0527428918714 
-0.047554268269 
-0.0529044923354 
-0.0636328211315 
-0.0477578729858 
-0.0212788345697 
-0.0106691101278 
-0.0106998549155 
-0.0107188401248 
-0.0215172067188 
-0.0215326188313 
-0.0161817585425 
-0.0162301505501 
-0.0216916424868 
-0.0163069860191 
-0.0163680369537 
-0.010912077381 
-0.010928403687 
1.58202279573e-46 
-0.00548797679632 
0.0110006004985 
0.0110212221339 
-0.0110346011969 
-0.0165944307444 
-0.0110799235885 
0.0166479631486 
0.0222085763744 
-3.21793520992e-46 
-0.0278651481763 
-0.0446847004955 
-0.0671618703122 
-0.0784508288744 
-0.0505122756568 
-0.0168796052027 
2.45021027459e-46 
0.00563094371494 
0.00563264598065 
0.0169037986204 
0.0225430335498 
0.022540501934 
-0.0112703242693 
-0.0338176252884 
-0.0338178210281 
-0.0112685824317 
1.62608332197e-46 
-0.00562166922826 
0.0224832061902 
-3.25248737571e-46 
-0.0280968919857 
-0.0505974684861 
-0.0674480507864 
-0.0842389081319 
-0.0785524215488 
-0.0728656158507 
-0.0615882387306 
-0.0503558224057 
-0.0446568066745 
-0.0334626252297 
-0.0278579481279 
-0.0334242918253 
-0.0334566268037 
-0.0390538070434 
-0.0279190539366 
-0.0391036437741 
-0.0335439266463 
-0.0335442978613 
-0.0335344843591 
-0.0167677014553 
2.42175869426e-46 
-3.30860873395e-75 
1.74173011541e-106 
1.96488757154e-135 
-0.00557594242797 
8.00970787365e-47 
-0.0166987246536 
-0.0166457702984 
-0.0165709452358 
-0.0165641378156 
2.4007908551e-46 
0.011028769716 
-0.0055129781674 
0.00551170010513 
0.0165329625742 
0.00551048093578 
0.0220330848961 
0.0055036789607 
-0.0329964017969 
-0.0659415196298 
-0.0823857705865 
-0.0988339003569 
-0.0823540556415 
-0.0712928010118 
-0.0438343461669 
-0.0493141209882 
-0.0493141129454 
-0.0328877902669 
-0.043867807956 
-0.0658553697595 
-0.0604020595863 
-0.0494693544727 
-0.0440087312751 
-0.0165300678545 
2.38594364714e-46 
0.0165721387106 
0.0497635505384 
0.0663994361651 
0.0831172858636 
0.0831865623031 
0.061004589469 
0.0221796089022 
-3.19587821915e-46 
-0.00554132304217 
-0.0110811049834 
-0.0387857607334 
-0.049865671879 
-0.0332329812559 
-0.0165994570774 
0.0110663597325 
-0.0055332515086 
-0.00553270382428 
-0.016596303989 
-0.00553177820182 
-0.0110547048883 
-0.016558800921 
-0.0110340068083 
0.0165353916669 
0.0110069972453 
0.0054945373329 
0.021967938446 
-0.0109502970222 
-0.0327264607036 
-0.0163285765739 
0.0108585854225 
0.00541499485124 
0.0162231840653 
0.0215945442207 
0.00539091084296 
-0.0322403838976 
-0.042916459864 
-0.0319895708481 
-0.0372871517441 
-0.0106244525119 
0.00530484506884 
0.0212140077175 
0.0158948865683 
0.0211628095442 
0.0158619784724 
-0.0210733186535 
-0.0368656979343 
-0.0210487995637 
-0.0157458965583 
-0.00524496863969 
7.6217393712e-47 
0.0156648821144 
0.0156470162799 
-0.0104186382398 
-0.0208370561209 
-0.0208277386806 
-0.0260213937809 
-0.0364221635885 
-0.041615822096 
-0.0312243667511 
0.00520660517933 
0.0208386378449 
0.0156207235438 
0.0207825023208 
0.0363245074834 
0.0363045974189 
0.0259186000994 
0.00517568315901 
-0.0310474735908 
-0.0207007785946 
-0.0207118676774 
-0.03105747157 
-0.0155068495979 
0.0154866217078 
0.0361063469093 
0.0464151269411 
0.0412183361403 
-5.93821499465e-46 
-0.00514113377205 
-0.0205459065762 
-0.0461921646974 
-0.0461937278122 
-0.0307997499902 
-0.0256837657567 
-0.0308396417239 
-0.00514890082461 
0.0309466398463 
0.030981809929 
0.0206606011949 
0.00516516342325 
0.00516682136022 
-7.51581436478e-47 
-0.0155299668608 
-0.0259003322655 
-0.0207452575649 
-0.0311557069128 
-0.0363547662166 
-0.0363828265632 
-0.0416127067596 
-0.026033543039 
0.0104370982101 
0.0208927286208 
0.0366130219558 
0.0262322628906 
0.0262662148553 
-0.00526270119304 
-0.0158090331595 
-0.0316729909179 
-0.0528279395388 
-0.0211688521013 
0.0317664041395 
0.0318308795509 
0.0531183622842 
0.0584416168948 
0.0212638440452 
0.00531747518534 
-0.00531863317354 
-0.0266267958934 
-0.0159846926619 
-0.0266488679289 
-0.0426476893374 
-0.0320147512454 
-0.0320713737311 
-0.0428389847667 
-0.0428607057691 
-0.0482730896372 
-0.042916079535 
-0.0268301447463 
-0.0161129518554 
0.0107513553997 
-0.0161439219633 
-0.0215297571302 
-0.0323489827034 
-0.0270038011011 
-0.0216277707932 
-0.0379283991358 
-0.0325360361085 
-0.0271590237413 
-0.0218625537085 
-0.0383084256073 
-0.0328362085576 
-0.0383308290433 
-0.0547866852713 
-0.0602994043842 
-0.0439407606126 
-0.0329756492389 
-0.0275551898583 
-0.0276471123444 
-0.0387188090905 
-0.0387325962096 
-0.0221408208298 
0.00553810292548 
-0.0166412585568 
-0.0222244291111 
-0.0333586385925 
-0.0334088551317 
-0.0111365866449 
1.61449020504e-46 
0.0111359027767 
0.0167037700782 
0.0278556659626 
0.0446054054719 
0.0613851579661 
0.0502972341363 
0.0336002021352 
-4.84858227764e-46 
-0.0281295719972 
-0.0507703003779 
-0.0339196909096 
-0.0113281945003 
0.0226637250074 
0.0453300170411 
0.0453329109499 
0.0340071149077 
0.0396638099243 
0.0113408670299 
0.00567045127839 
-0.00567623971266 
-0.0113663665608 
-0.0170730733472 
0.00571347642225 
0.0057239580701 
-8.26742921082e-47 
-0.00575200253955 
-0.0172892610892 
-0.0288992820491 
-0.0404846621166 
-0.0463532145946 
-0.0406368980176 
-0.0348851468524 
-0.0291574643225 
-0.0233640569385 
-0.0116929194478 
0.017601681233 
0.0293823451078 
0.0412877567197 
0.0472598842593 
0.0295935531918 
-0.00593283845022 
-0.0296750725391 
-0.0831394006279 
-0.095223826105 
-0.0714932595094 
-0.0417604251231 
-0.0358223890085 
-0.0656637655087 
-0.0596782712772 
-0.0358081503666 
-0.0179101707512 
-0.00596920626877 
0.00596593331497 
0.00596196500738 
0.00596044441138 
-0.00595743406963 
-0.0178662666016 
-0.0356866880778 
-0.0415950990845 
-0.0356344608068 
-0.0177691154821 
0.00591535424653 
0.0117995764686 
0.0058902060298 
0.00587634090884 
-0.00586672163712 
-0.0175357036575 
-0.0233668724209 
-0.023347754303 
-0.0233187512849 
-0.0349314366885 
-0.0698139955062 
-0.0813212484938 
-0.081090187845 
-0.0925809913123 
-0.0982589393554 
-0.103778053748 
-0.10366304974 
-0.109277176167 
-0.0918449581584 
-0.085980432396 
-0.0458154494225 
0.00572566044588 
0.0228732841901 
0.0228575287598 
0.0114199749705 
-0.0114146124254 
-0.017127705864 
-0.011426401522 
-0.0114356958009 
0.00571748901974 
0.0285608533609 
0.0513925323471 
0.0741837732902 
0.0855542773615 
0.0911451710861 
0.0740235711689 
0.0455175398664 
-0.0454398886975 
-0.0964575566206 
-0.107645357098 
-0.0905399046607 
-0.0508890237589 
7.34224502451e-46 
0.0395395644023 
0.0789682763758 
0.0844861906398 
0.0675293594176 
0.0337574761904 
-0.0280884584841 
-0.056150237494 
-0.0841020503718 
-0.0952482183891 
-0.111950856174 
-0.0783414608783 
-0.0559801168667 
-0.0391816812807 
0.00559399231119 
0.0223746911573 
0.0223747023338 
-3.22814517111e-46 
-0.0111665068979 
-0.0167128445636 
-0.044429982005 
-0.0721216361415 
-0.0719269962463 
-0.0828516111006 
-0.0716196431628 
-0.0440807222402 
-0.0275635300228 
3.98694975422e-46 
0.00551515893425 
-0.00551521597682 
-0.0220328988477 
-0.022021689366 
-0.0493801718909 
-0.0492562089345 
-0.0546129133848 
-0.0326654787464 
-0.0217305984576 
-0.00540704537466 
0.0108140599469 
0.00539346926864 
0.0161152590887 
0.021443854585 
0.032066725762 
0.0586048836455 
0.0691506833934 
0.0689913144319 
0.0529294004997 
-0.00528833172821 
-0.0315867592012 
-0.0735275822517 
-0.0992922451604 
-0.083492950215 
-0.0779262775365 
-0.0259584240554 
0.00517775442325 
-7.53134980966e-47 
-0.0206481295754 
-0.0257174989843 
-0.0205559403902 
-0.0102641440224 
-0.00512603695725 
0.00512411275781 
0.0153213453556 
0.0356811552437 
0.0558034309673 
0.0354840972376 
0.015174383174 
-0.00504315007951 
-0.0100658634325 
-0.010042735307 
-0.0200347593328 
-0.0249765244548 
-0.0199308517174 
-0.0149314405295 
-0.00995049484355 
1.43037346703e-46 
0.00496372933318 
0.00495865447559 
-7.12602504137e-47 
-0.00495919322992 
-0.00991728519392 
-0.0148669338577 
-0.00990801825953 
-0.0148636032971 
-0.014862824043 
-0.0297062304602 
-0.0247299146917 
-0.0197760998358 
-0.0197741442335 
-0.0197807342947 
-0.0247372860068 
-0.0296904716726 
-0.0247407510227 
-0.029695880239 
-0.0396148240761 
-0.0544828423404 
-0.0644460738795 
-0.0544933301272 
-0.0346554138059 
-0.0247297544945 
-0.00493862500854 
-0.00493122921725 
-0.0197059294141 
-0.0197036308515 
-0.0246322948314 
-0.0147831945538 
-0.0147865564255 
-0.0197149337884 
-0.0197028334868 
-0.0295554571881 
-0.0295747066291 
-0.0296279016668 
-0.0296747645447 
-0.0198454982279 
-0.00496496215591 
7.16361079511e-47 
0.00497776702355 
0.00498696867623 
-0.00998551978683 
-0.0149970070553 
-0.0250170021383 
-0.0350475498934 
-0.0251338339869 
-0.0100628121114 
0.0151347712831 
0.0302959360539 
0.0354128910687 
0.0253393821698 
0.0152568093816 
0.0153139176305 
0.0153208969968 
0.0102282626007 
-0.0051193549909 
7.40723329843e-47 
-0.00512945849862 
-0.00513798384395 
-0.0102882878663 
-0.0103002196525 
-0.0257781308771 
-0.0309985406378 
-0.0361885673736 
-0.0258589782917 
-0.0103541644241 
-0.00517992957804 
0.0103798156226 
0.0259747674906 
0.0260532782278 
0.0261027422803 
-3.77854092595e-46 
-0.0315285068005 
-0.0368524510385 
-0.0422669275139 
-0.0158685132071 
0.00530346407728 
0.0212311752713 
0.0318844974641 
0.0425948550828 
0.0373483383915 
-0.00534449644559 
-0.0268046422637 
-0.064487934183 
-0.0916943091753 
-0.0863839903263 
-0.0865350776916 
-0.0649611314668 
-0.0379008003 
-0.0216691423186 
3.1346785892e-46 
0.0108724431326 
-0.00543955219039 
-0.0163352711453 
-0.0273133805595 
-0.0328600238131 
-0.0383790088577 
-0.0329171490582 
-0.0220127916513 
-0.0110274229853 
-0.00551519288802 
0.00552431031838 
0.0165884149019 
0.0166255751523 
0.0166626391687 
0.0166626391687 
0.0111326128928 
0.0111466624313 
0.0167244166304 
0.0167327676138 
0.0167574861564 
0.0167655703818 
0.0167852993117 
0.0168431300787 
0.0168501842883 
0.0168552892486 
0.0224735577294 
0.0224970842553 
0.0281230915961 
0.0337480065467 
0.0337529568883 
0.0337580161004 
0.0337643408347 
0.028145024442 
0.0225389461894 
0.028219573919 
0.0282428826817 
0.0226405278204 
0.0226579279412 
0.00567089590248 
-0.028363966823 
-0.0680740490067 
-0.102121854378 
-0.0964178417803 
-0.0680822219168 
-0.0226947669619 
0.011340666037 
0.0453484878229 
0.0566462130828 
0.0283067758902 
0.0226270075665 
-0.0112972716289 
-0.0451510441237 
-0.0394848186961 
-0.0507539637887 
-0.0732764952576 
-0.0788577397959 
-0.073205923044 
-0.0450094981264 
-0.0112492768767 
0.0168802794877 
0.0450230508896 
0.0450485121728 
0.0450680389004 
0.0338058170171 
0.0168922545386 
-0.0225147586707 
-0.0562397174097 
-0.0786805560786 
-0.0674086334485 
-0.0505440742135 
-0.0112293353957 
0.0168322295056 
0.0504418678976 
0.0615535016029 
0.0167661505156 
-0.0446471740659 
-0.089115620127 
-0.105813608387 
-0.0890849510186 
-0.0445937010331 
-0.022311249192 
0.00557793202858 
0.0390583247392 
0.0334886711011 
-4.82969919496e-46 
-0.0278907713132 
-0.0446096439712 
-0.0501531694811 
-0.0334373076153 
4.82455412289e-46 
0.0389382631519 
0.0722509783548 
0.0943822978019 
0.116525878555 
0.0886388163717 
0.0830784387184 
0.044229605104 
0.00552668371711 
-0.00551959774443 
-0.0220578519221 
-0.0275579768876 
0.00551063053412 
0.0275319842613 
0.044065274237 
0.0495935113032 
0.0440899166821 
0.0275703524075 
0.0110336933304 
-0.00551764953358 
-0.0220731438727 
-0.0275696849496 
-0.0220350720159 
-0.0165177735502 
-0.00550149419751 
7.91707987166e-47 
0.00550075687109 
0.00550022865793 
-0.00550162618944 
-0.0220020601163 
-0.0274980165464 
-0.0494962474434 
-0.0549639177021 
-0.0659359551213 
-0.0769118893754 
-0.0878776845602 
-0.104298239063 
-0.104206636583 
