-0.2625 
-0.27 
-0.2775 
-0.2825 
-0.29 
-0.265 
-0.1825 
-0.1075 
-0.0275 
0.0325 
0.07 
0.095 
0.0775 
0.055 
0.025 
0.0075 
0.01 
0.0225 
0.04 
0.055 
0.0625 
0.06 
0.05 
0.035 
0.02 
0.0175 
0.015 
0.02 
0.0275 
0.0325 
0.035 
0.03 
0.03 
0.025 
0.02 
0.015 
0.0125 
0.0125 
0.015 
0.0175 
0.0175 
0.015 
0.0125 
0.0075 
0.0025 
0.0 
0.0 
0.0025 
0.005 
0.0075 
0.0075 
0.0075 
0.005 
0.0025 
0.0 
0.0 
-0.0025 
0.0 
0.0 
0.0 
0.0025 
0.0 
0.0025 
0.0025 
0.01 
0.0175 
0.0225 
0.03 
0.035 
0.0325 
0.025 
0.0075 
-0.0075 
-0.02 
-0.025 
-0.0225 
-0.0075 
0.0025 
0.0075 
0.0125 
0.0175 
0.0125 
0.005 
0.0025 
0.0025 
0.01 
0.02 
0.025 
0.0225 
0.0125 
-0.005 
-0.0225 
-0.035 
-0.04 
-0.04 
-0.04 
-0.02 
-0.0075 
0.0075 
0.02 
0.0175 
0.015 
0.0025 
-0.0175 
-0.03 
-0.0375 
-0.0325 
-0.02 
0.01 
0.025 
0.035 
0.03 
0.0125 
-0.01 
-0.0275 
-0.0325 
-0.0225 
-0.005 
0.0125 
0.02 
0.0225 
0.0125 
-0.005 
-0.0225 
-0.0375 
-0.0425 
-0.0375 
-0.0325 
-0.0225 
-0.01 
0.0 
0.005 
0.0025 
0.0 
-0.0075 
-0.0125 
-0.015 
-0.015 
-0.01 
-0.005 
-0.0025 
-0.0025 
-0.0025 
-0.005 
-0.0075 
-0.0075 
-0.01 
-0.0075 
-0.005 
0.0 
0.0025 
0.005 
0.005 
0.0075 
0.0125 
0.0175 
0.02 
0.01 
0.01 
0.015 
0.0225 
0.0325 
0.0325 
0.035 
0.035 
0.03 
0.025 
0.02 
0.0175 
0.0175 
0.0275 
0.0275 
0.02 
0.01 
0.005 
0.0 
-0.005 
-0.0025 
0.005 
0.01 
0.0175 
0.03 
0.035 
0.0275 
0.0175 
0.015 
0.01 
0.015 
0.01 
0.0075 
0.01 
0.01 
0.0075 
0.0125 
0.0175 
0.0175 
0.0175 
0.01 
0.0025 
0.0 
-0.005 
-0.005 
-0.005 
-0.0075 
-0.005 
0.0 
0.005 
0.005 
0.0 
-0.005 
-0.0125 
-0.015 
-0.0125 
-0.0075 
-0.005 
-0.0075 
-0.01 
-0.015 
-0.0175 
-0.015 
-0.0075 
0.0 
0.0075 
0.0025 
0.005 
0.0125 
0.0175 
0.02 
0.0225 
0.0225 
0.015 
0.0025 
0.0 
-0.01 
-0.0175 
-0.0125 
-0.0075 
0.005 
0.01 
0.005 
0.0125 
0.015 
0.015 
0.01 
0.0 
-0.0025 
-0.0125 
-0.0175 
-0.0125 
0.0 
0.01 
0.0225 
0.0225 
0.0175 
0.0125 
0.0025 
-0.0025 
-0.0175 
-0.0175 
-0.01 
0.0 
0.005 
0.0025 
0.005 
0.0125 
0.015 
0.0025 
-0.005 
-0.0125 
-0.01 
-0.01 
-0.015 
-0.005 
0.005 
0.0125 
0.0225 
0.03 
0.03 
0.0275 
0.025 
0.0225 
0.0175 
0.0175 
0.0175 
0.0225 
0.0225 
0.025 
0.03 
0.025 
0.0225 
0.025 
0.02 
0.02 
0.02 
0.0125 
0.0125 
0.0175 
0.02 
0.015 
0.015 
0.0225 
0.025 
0.0225 
0.025 
0.0325 
0.0275 
0.0275 
0.0275 
0.025 
0.0225 
0.0175 
0.0125 
0.01 
0.0075 
0.0 
0.0025 
0.005 
0.0125 
0.0225 
0.0225 
0.0225 
0.02 
0.0175 
0.0125 
0.01 
0.01 
0.0125 
0.0225 
0.03 
0.0275 
0.025 
0.025 
0.0175 
0.01 
0.0075 
0.0025 
0.0025 
0.005 
0.015 
0.0225 
0.03 
0.0325 
0.03 
0.0225 
0.01 
0.01 
0.005 
0.0 
0.0025 
0.005 
0.0075 
0.0075 
0.005 
0.0025 
0.0 
0.0 
0.0 
0.005 
0.005 
0.0025 
0.005 
0.005 
0.0025 
0.0025 
0.0 
0.0 
0.0 
0.0025 
0.0025 
0.0 
0.0 
-0.0025 
-0.005 
0.0075 
0.0 
0.0 
0.0 
0.0025 
0.005 
0.005 
0.005 
0.0075 
0.01 
0.0125 
0.01 
0.0075 
-0.005 
-0.015 
-0.06 
-0.05 
-0.05 
-0.02 
0.005 
0.05 
0.0125 
0.0175 
-0.005 
-0.0125 
-0.005 
0.0125 
0.02 
0.0425 
0.0425 
0.05 
0.0525 
0.03 
0.01 
-0.005 
-0.0075 
-0.015 
-0.01 
0.01 
0.0175 
0.04 
0.0475 
0.03 
0.0175 
-0.0025 
-0.0225 
-0.02 
-0.02 
-0.005 
0.015 
0.02 
0.0225 
0.0275 
0.0125 
0.02 
0.0275 
0.0175 
0.0125 
0.0075 
0.0125 
0.015 
0.01 
0.005 
0.0175 
0.0275 
0.0225 
0.025 
0.0325 
0.04 
0.05 
0.0575 
0.0625 
0.06 
0.0575 
0.0575 
0.045 
0.035 
0.0325 
0.03 
0.03 
0.0325 
0.035 
0.035 
0.035 
0.0325 
0.0275 
0.025 
0.02 
0.0125 
0.0125 
0.01 
0.015 
0.015 
0.015 
0.015 
0.0125 
0.0125 
0.01 
0.0075 
0.0075 
0.005 
0.005 
0.005 
0.005 
0.005 
0.005 
0.005 
-0.0025 
-0.0175 
-0.0225 
-0.035 
-0.035 
-0.025 
-0.02 
-0.0125 
0.005 
0.0075 
0.01 
0.0125 
0.01 
0.01 
0.01 
0.0125 
0.0125 
0.0175 
0.02 
0.0225 
0.02 
0.0175 
0.0125 
0.0075 
0.005 
0.0 
0.0 
0.0025 
0.005 
0.0075 
0.01 
0.01 
0.01 
0.005 
0.0025 
0.0 
-0.0025 
-0.005 
-0.0025 
-0.0025 
0.0 
0.0025 
0.005 
0.005 
0.005 
0.0025 
-0.005 
-0.0175 
-0.035 
-0.0325 
-0.03 
-0.03 
-0.025 
-0.02 
-0.0125 
-0.0025 
0.005 
0.01 
0.01 
0.0075 
0.005 
0.0025 
0.0 
0.0 
0.0025 
0.0025 
0.0025 
0.0025 
0.0025 
0.0 
0.0 
0.0 
0.0 
0.0 
0.0 
-0.0025 
-0.005 
-0.0075 
-0.0075 
-0.0075 
-0.0075 
-0.0075 
-0.005 
-0.005 
-0.005 
-0.005 
-0.005 
-0.005 
-0.005 
-0.005 
-0.0075 
-0.005 
-0.005 
-0.005 
-0.005 
-0.005 
-0.0025 
0.0 
0.0 
-0.0025 
-0.0025 
-0.0025 
-0.0025 
-0.0025 
0.0 
0.0025 
0.005 
0.005 
0.005 
0.0025 
0.0025 
-0.0025 
0.0 
-0.0025 
0.0025 
0.0175 
0.0275 
0.045 
0.0525 
0.045 
0.03 
0.01 
-0.0075 
-0.02 
-0.025 
-0.0225 
-0.015 
-0.005 
0.005 
0.01 
0.0075 
0.0025 
-0.005 
-0.01 
-0.01 
-0.0075 
-0.0025 
0.0025 
0.005 
0.005 
0.0025 
0.0025 
0.01 
0.0175 
0.0175 
0.015 
0.005 
-0.005 
-0.0125 
-0.015 
-0.015 
-0.01 
-0.005 
0.0025 
0.0175 
0.03 
0.04 
0.0425 
0.0375 
0.025 
0.0175 
0.0125 
0.0175 
0.02 
0.0225 
0.0125 
0.0 
-0.005 
-0.01 
-0.01 
0.015 
0.025 
0.0325 
0.0475 
0.0775 
0.09 
0.1125 
0.115 
0.11 
0.1 
0.095 
0.085 
0.07 
0.0425 
0.0325 
0.03 
0.0325 
0.05 
0.0425 
0.0375 
0.0175 
0.005 
-0.0075 
-0.01 
-0.005 
0.005 
0.0225 
0.05 
0.0525 
0.0475 
0.0325 
0.0175 
0.0075 
-0.0075 
-0.0175 
-0.04 
-0.05 
-0.025 
0.0 
0.0125 
0.0325 
0.0525 
0.0825 
0.1025 
0.1175 
0.1125 
0.085 
0.07 
0.05 
0.04 
0.0475 
0.0525 
0.045 
0.0375 
0.0325 
0.03 
0.0325 
0.0375 
0.045 
0.045 
0.05 
0.05 
0.045 
0.04 
0.03 
0.015 
0.005 
-0.01 
-0.02 
-0.025 
-0.0275 
-0.015 
0.0025 
0.0125 
0.0225 
0.03 
0.03 
0.025 
0.0175 
0.0125 
0.0 
-0.0125 
-0.0125 
-0.0175 
-0.0225 
-0.015 
-0.0075 
0.0 
0.015 
0.02 
0.0225 
0.0225 
0.015 
0.0075 
0.01 
0.0125 
0.015 
0.0225 
0.03 
0.0425 
0.045 
0.045 
0.03 
0.0225 
0.015 
0.01 
0.02 
0.03 
0.0375 
0.0425 
0.0425 
0.0425 
0.0425 
0.04 
0.0425 
0.0425 
0.05 
0.055 
0.0475 
0.05 
0.0475 
0.0425 
0.0425 
0.0425 
0.04 
0.0425 
0.0475 
0.0575 
0.055 
0.0425 
0.03 
0.0225 
0.025 
0.0275 
0.02 
0.0175 
0.02 
0.0175 
0.015 
0.0225 
0.0275 
0.03 
0.0275 
0.0275 
0.025 
0.02 
0.02 
0.0225 
0.0175 
0.0125 
0.015 
0.01 
0.015 
0.0175 
0.02 
0.0275 
0.0425 
0.05 
0.04 
0.0225 
0.005 
-0.01 
-0.0225 
-0.01 
0.01 
0.0325 
0.0475 
0.0575 
0.0625 
0.06 
0.0475 
0.0375 
0.0275 
0.0225 
0.0225 
0.025 
0.0325 
0.035 
0.0375 
0.0375 
0.0325 
0.025 
0.0175 
0.015 
0.0125 
0.015 
0.02 
0.02 
0.02 
0.0175 
0.015 
0.015 
0.0125 
0.0125 
0.0125 
0.0125 
0.02 
0.0125 
0.0075 
0.005 
0.005 
0.01 
0.0 
0.0 
0.0 
0.0025 
0.0025 
0.005 
0.0025 
0.0025 
0.0 
-0.0075 
-0.0125 
-0.0225 
-0.025 
-0.025 
-0.025 
-0.0325 
-0.0075 
-0.0025 
-0.0075 
-0.0075 
0.0575 
0.06 
0.0625 
0.0625 
0.0425 
0.01 
-0.0125 
-0.0225 
-0.0275 
-0.0425 
-0.0425 
-0.04 
-0.0525 
-0.0125 
0.0 
0.0125 
0.0275 
0.0375 
0.025 
0.01 
0.0025 
-0.015 
-0.025 
0.015 
0.02 
0.0475 
0.0225 
0.025 
-0.0225 
-0.0125 
-0.0475 
-0.0525 
-0.01 
-0.005 
0.02 
-0.0075 
0.03 
0.0125 
0.005 
-0.01 
0.01 
-0.01 
-0.015 
0.0 
0.0075 
-0.005 
0.0025 
0.0 
0.0 
0.005 
0.0075 
0.015 
0.0175 
0.015 
0.0175 
0.015 
0.01 
0.01 
0.01 
0.01 
0.0075 
0.0025 
0.005 
0.005 
0.005 
0.0075 
0.01 
0.0025 
0.0075 
0.01 
0.01 
0.01 
0.0075 
-0.0075 
0.0 
0.0 
-0.0075 
-0.02 
-0.02 
-0.0175 
-0.0225 
-0.005 
0.0025 
0.0125 
0.0025 
0.005 
0.01 
0.01 
0.015 
0.0075 
-0.0025 
-0.015 
-0.02 
-0.035 
-0.05 
-0.05 
-0.04 
-0.04 
-0.015 
-0.015 
-0.0125 
-0.0075 
-0.0025 
-0.015 
-0.03 
-0.045 
-0.045 
-0.0575 
-0.04 
-0.0325 
-0.0225 
-0.0125 
-0.0175 
-0.0175 
-0.0225 
-0.0375 
-0.04 
-0.0425 
-0.045 
-0.035 
-0.0325 
-0.025 
-0.03 
-0.0375 
-0.04 
-0.0575 
-0.0625 
-0.065 
-0.065 
-0.055 
-0.0425 
-0.0375 
-0.0375 
-0.04 
-0.035 
-0.04 
-0.04 
-0.035 
-0.0325 
-0.0275 
-0.0225 
-0.02 
-0.02 
-0.02 
-0.025 
-0.025 
-0.02 
-0.0175 
-0.01 
-0.0025 
0.0025 
0.0075 
0.0125 
-0.005 
-0.0275 
-0.03 
-0.0325 
-0.0275 
-0.01 
0.0 
0.0025 
0.0025 
-0.005 
-0.0175 
-0.0275 
-0.0275 
-0.0175 
-0.0025 
0.0025 
0.0 
0.0 
0.0025 
-0.01 
-0.0175 
-0.02 
-0.0175 
-0.01 
-0.0125 
-0.01 
-0.005 
0.0025 
0.0 
-0.005 
-0.0075 
-0.005 
0.0 
0.005 
0.01 
0.0075 
0.005 
0.005 
0.0 
-0.0025 
-0.0075 
-0.005 
-0.005 
-0.015 
-0.02 
-0.0325 
-0.035 
-0.0375 
-0.035 
-0.0175 
-0.01 
-0.0025 
-0.015 
-0.02 
-0.0225 
-0.025 
-0.025 
-0.0275 
-0.02 
-0.015 
-0.0225 
-0.0225 
-0.025 
-0.04 
-0.055 
-0.0625 
-0.05 
-0.03 
-0.02 
-0.01 
-0.0025 
-0.01 
-0.015 
-0.0175 
-0.015 
-0.0175 
-0.0225 
-0.025 
-0.0225 
-0.0175 
-0.0075 
-0.0025 
0.0 
0.0 
-0.005 
-0.0125 
-0.0175 
-0.0125 
-0.005 
0.0 
0.0 
-0.0075 
-0.0175 
-0.02 
-0.02 
-0.02 
-0.0175 
-0.005 
0.0125 
0.0225 
0.0275 
0.035 
0.0675 
-0.04 
-0.0625 
-0.075 
-0.08 
-0.0375 
-0.0025 
0.04 
0.07 
0.0825 
0.0775 
0.0275 
0.01 
-0.0325 
-0.065 
-0.0775 
-0.0575 
-0.03 
-0.02 
0.005 
0.0125 
0.005 
0.0025 
0.0025 
-0.0125 
-0.05 
-0.0225 
-0.0225 
-0.005 
0.005 
0.02 
0.015 
0.0075 
0.0 
-0.01 
-0.0175 
-0.02 
-0.02 
-0.0175 
-0.01 
-0.0075 
-0.005 
-0.0025 
-0.005 
-0.005 
-0.0075 
-0.01 
-0.01 
-0.0075 
-0.0075 
-0.0025 
-0.0025 
0.0 
0.0 
-0.0025 
-0.0025 
-0.0025 
-0.0025 
-0.0025 
-0.0025 
-0.0025 
0.0 
-0.0025 
-0.015 
-0.02 
-0.0325 
-0.0325 
-0.025 
-0.015 
0.0025 
0.015 
0.0275 
0.0275 
0.0175 
0.0025 
-0.0075 
-0.0175 
-0.0225 
-0.0275 
-0.025 
-0.02 
-0.0125 
-0.0125 
-0.0125 
-0.0175 
-0.02 
-0.0175 
-0.015 
-0.015 
-0.0175 
-0.0175 
-0.02 
-0.0175 
-0.015 
-0.0225 
-0.025 
-0.0275 
-0.03 
-0.0325 
-0.04 
-0.0425 
-0.04 
-0.0375 
-0.0375 
-0.0375 
-0.0325 
-0.0225 
-0.0275 
-0.0325 
-0.035 
-0.03 
-0.03 
-0.03 
-0.03 
-0.0325 
-0.0325 
-0.025 
-0.0125 
-0.01 
-0.005 
-0.01 
-0.015 
-0.02 
-0.0275 
-0.03 
-0.03 
-0.03 
-0.025 
-0.025 
-0.025 
-0.025 
-0.02 
-0.02 
-0.025 
-0.0225 
-0.0225 
-0.025 
-0.0225 
-0.025 
-0.025 
-0.02 
-0.015 
-0.0075 
-0.0025 
-0.0025 
-0.01 
-0.01 
-0.0125 
-0.01 
-0.0075 
0.0 
-0.0025 
-0.005 
-0.0025 
-0.0025 
-0.0025 
0.0 
0.0025 
0.0 
-0.0025 
-0.0025 
-0.0075 
-0.0125 
-0.015 
-0.025 
-0.0275 
-0.025 
-0.02 
-0.015 
-0.015 
-0.0125 
-0.0025 
0.005 
0.0125 
0.0175 
0.0125 
-0.005 
-0.01 
-0.0125 
-0.0175 
-0.02 
-0.02 
-0.015 
-0.015 
-0.0125 
-0.0025 
0.0 
-0.0025 
-0.0025 
-0.005 
0.0 
0.0 
-0.01 
-0.0175 
-0.02 
-0.0325 
-0.0525 
-0.0625 
-0.0675 
-0.055 
-0.035 
-0.02 
-0.02 
-0.0225 
-0.0325 
-0.0475 
-0.055 
-0.0625 
-0.0625 
-0.0525 
-0.0425 
-0.0325 
-0.0275 
-0.025 
-0.03 
-0.03 
-0.0325 
-0.0325 
-0.035 
-0.03 
-0.0275 
-0.02 
-0.0175 
-0.0125 
-0.015 
-0.0175 
-0.02 
-0.025 
-0.035 
-0.0475 
-0.06 
-0.06 
-0.04 
-0.025 
-0.0075 
0.0075 
0.0125 
0.0125 
0.01 
0.005 
0.0 
-0.005 
-0.005 
-0.0025 
0.0 
0.005 
0.0075 
0.01 
0.01 
0.005 
0.005 
0.005 
-0.0025 
-0.0125 
-0.0125 
-0.02 
-0.0225 
-0.02 
-0.0075 
0.0025 
0.0125 
0.0175 
0.02 
0.0175 
0.01 
0.0075 
0.005 
0.0025 
-0.0125 
-0.03 
-0.0375 
-0.0325 
-0.0225 
-0.0075 
0.0025 
0.0 
-0.0075 
-0.0075 
-0.01 
-0.0175 
-0.02 
-0.015 
-0.0025 
0.01 
0.025 
0.035 
0.0375 
0.035 
0.035 
0.0225 
-0.0025 
-0.0275 
-0.0375 
-0.0325 
-0.0225 
-0.01 
0.0075 
0.015 
0.02 
0.03 
0.035 
0.0375 
0.025 
0.005 
-0.02 
-0.035 
-0.0325 
-0.015 
0.005 
0.0275 
0.0375 
0.04 
0.04 
0.0325 
0.02 
-0.0025 
-0.015 
-0.0325 
-0.0325 
-0.025 
-0.0125 
0.0 
0.0075 
0.01 
0.005 
-0.005 
-0.02 
-0.035 
-0.04 
-0.04 
-0.0375 
-0.0275 
-0.0225 
-0.0125 
-0.0125 
-0.0125 
-0.0125 
-0.02 
-0.0125 
-0.0075 
-0.01 
-0.005 
-0.0025 
-0.005 
0.0025 
0.005 
0.0025 
-0.0025 
-0.005 
-0.01 
-0.0125 
-0.015 
-0.0025 
0.0125 
0.0175 
0.03 
0.0375 
0.0275 
0.015 
0.0075 
0.005 
0.0125 
0.0075 
0.015 
0.03 
0.0425 
0.0525 
0.06 
0.0625 
0.0625 
0.05 
0.04 
0.0275 
0.015 
0.015 
0.02 
0.0275 
0.0375 
0.045 
0.0425 
0.0375 
0.035 
0.03 
0.025 
0.0325 
0.0375 
0.0475 
0.0525 
0.0525 
0.0475 
0.035 
0.025 
0.0175 
0.02 
0.03 
0.0425 
0.05 
0.045 
0.0475 
0.0475 
0.045 
0.0425 
0.045 
0.05 
0.0525 
0.0425 
0.0375 
0.035 
0.0275 
0.025 
0.025 
0.015 
0.0125 
0.02 
0.0275 
0.0375 
0.04 
0.0325 
0.03 
0.03 
0.0275 
0.0325 
0.0375 
0.0375 
0.0275 
0.025 
0.0275 
0.035 
0.05 
0.0575 
0.065 
0.07 
0.07 
0.0775 
0.09 
0.1 
0.105 
0.1025 
0.095 
0.0825 
0.07 
0.065 
0.05 
0.045 
0.04 
0.035 
0.0325 
0.0275 
0.0225 
0.0225 
0.02 
0.02 
0.02 
0.0175 
0.0125 
0.01 
0.0075 
0.0025 
0.0 
0.0025 
0.005 
0.005 
0.005 
0.005 
0.0025 
0.0 
-0.0025 
-0.005 
-0.0075 
-0.0075 
-0.0025 
0.005 
0.02 
0.0275 
0.035 
0.0375 
0.0325 
0.02 
0.005 
-0.0075 
-0.02 
-0.0225 
-0.0225 
-0.0225 
-0.015 
-0.005 
-0.0025 
0.0025 
0.0 
-0.0025 
-0.0075 
-0.01 
-0.01 
-0.0075 
-0.0075 
-0.005 
-0.0025 
0.0 
0.0025 
0.0025 
0.0025 
0.0025 
0.0 
0.0075 
0.0125 
0.02 
0.035 
0.045 
0.05 
0.05 
0.0325 
0.025 
0.015 
0.005 
0.005 
0.0075 
0.025 
0.0375 
0.04 
0.045 
0.045 
0.045 
0.04 
0.0325 
0.0325 
0.0325 
0.0375 
0.0425 
0.045 
0.045 
0.0475 
0.04 
0.0275 
0.0225 
0.0225 
0.0175 
0.02 
0.0225 
0.0225 
0.025 
0.0325 
0.04 
0.0475 
0.0475 
0.05 
0.04 
0.0325 
0.02 
0.0125 
0.0175 
0.0175 
0.015 
0.0175 
0.0275 
0.035 
0.0425 
0.0475 
0.05 
0.0375 
0.0275 
0.01 
0.0075 
0.0025 
0.0075 
0.0025 
-0.0175 
-0.025 
0.0175 
0.0175 
0.025 
0.0225 
0.025 
0.005 
-0.0075 
-0.025 
0.055 
0.0575 
0.0525 
0.07 
0.0675 
0.045 
0.03 
0.02 
0.0075 
0.0075 
-0.0425 
-0.0375 
-0.0425 
-0.0225 
-0.0175 
-0.005 
-0.0025 
0.025 
0.0825 
0.075 
0.09 
0.09 
0.0625 
0.02 
-0.01 
-0.0375 
-0.0575 
-0.06 
-0.0525 
-0.0275 
-0.01 
0.0025 
0.0175 
0.0125 
0.0125 
0.0 
-0.0075 
-0.0075 
-0.0075 
0.0 
0.0075 
0.0125 
0.015 
0.0175 
0.0175 
0.015 
0.0075 
0.005 
0.005 
0.0075 
0.01 
0.025 
0.0375 
0.0375 
0.03 
0.0175 
0.0075 
0.0025 
0.005 
0.01 
0.0125 
0.015 
0.015 
0.015 
0.0175 
0.02 
0.02 
0.0275 
0.025 
0.02 
0.0225 
0.025 
0.0225 
0.025 
0.03 
0.0225 
0.01 
0.005 
0.005 
0.005 
0.01 
0.01 
0.0075 
0.0075 
0.01 
0.0075 
0.0075 
0.005 
0.005 
0.0 
0.0025 
-0.005 
-0.005 
0.005 
0.0075 
0.005 
-0.0075 
-0.01 
0.0 
0.0125 
0.02 
0.03 
0.035 
0.0225 
0.0075 
0.0 
-0.0025 
-0.0025 
-0.0075 
-0.01 
-0.01 
0.005 
0.015 
0.015 
0.005 
0.0 
0.0025 
-0.01 
0.0 
0.0125 
0.0225 
0.03 
0.0375 
0.035 
0.0325 
0.0275 
0.0225 
0.02 
0.015 
0.0125 
0.015 
0.015 
0.0175 
0.0125 
0.0175 
0.015 
0.015 
0.015 
0.0075 
0.0 
0.0 
0.0 
0.0 
0.0025 
0.0 
0.0075 
0.0075 
0.0075 
0.0075 
0.0 
-0.005 
0.0025 
-0.0025 
-0.0075 
-0.0025 
-0.01 
-0.0025 
0.015 
0.03 
0.0375 
0.045 
0.0375 
0.0325 
0.02 
0.0225 
0.0225 
0.015 
0.02 
0.03 
0.0275 
0.0225 
0.02 
0.0075 
0.0 
-0.0075 
-0.0225 
-0.03 
-0.0375 
-0.0375 
-0.0275 
-0.01 
0.0 
0.0025 
0.005 
0.0175 
0.0225 
0.015 
0.0075 
-0.005 
0.0025 
0.0025 
0.0075 
0.0025 
0.005 
0.0075 
0.005 
-0.0075 
-0.005 
-0.0025 
-0.01 
0.005 
0.015 
0.0075 
-0.005 
-0.0025 
-0.0075 
-0.01 
-0.0025 
0.015 
0.02 
0.015 
0.0175 
0.005 
-0.0025 
-0.01 
-0.0075 
-0.01 
-0.0075 
0.01 
0.0175 
0.01 
0.0075 
0.0025 
0.0 
-0.0075 
-0.0075 
0.005 
0.01 
0.01 
0.0125 
0.0175 
0.02 
0.015 
-0.0025 
-0.01 
-0.0075 
-0.01 
-0.0175 
-0.0175 
-0.0125 
-0.0025 
0.015 
0.01 
0.01 
0.015 
0.0075 
-0.0075 
-0.0175 
-0.0225 
-0.02 
0.0 
0.0025 
0.01 
0.0225 
0.0225 
0.015 
0.0125 
0.015 
0.0025 
-0.015 
-0.015 
-0.01 
-0.0025 
-0.0025 
0.0 
0.0075 
0.0125 
0.01 
0.015 
0.0175 
0.0175 
0.02 
0.0125 
-0.005 
-0.01 
-0.0175 
-0.0125 
-0.0125 
0.0025 
0.0075 
0.015 
0.025 
0.01 
-0.015 
-0.015 
-0.025 
-0.0275 
-0.01 
-0.0025 
0.0025 
0.0125 
0.0075 
0.0125 
0.02 
0.015 
0.015 
0.02 
0.02 
0.0225 
0.02 
0.0125 
0.0075 
-0.005 
0.0075 
0.01 
0.015 
0.0125 
0.01 
0.0175 
0.015 
0.0125 
0.01 
0.0175 
0.015 
0.0175 
0.025 
0.0275 
0.02 
0.015 
0.0125 
0.0125 
0.0175 
0.0175 
0.01 
-0.0025 
0.0075 
0.01 
0.015 
0.015 
0.005 
0.0 
-0.005 
-0.0075 
-0.0125 
-0.02 
-0.0275 
-0.0225 
-0.015 
0.0 
0.0125 
0.0225 
0.015 
0.005 
-0.01 
-0.02 
-0.02 
-0.015 
-0.0175 
-0.005 
-0.0025 
0.0025 
0.005 
0.0075 
-0.0025 
-0.0025 
0.0 
0.0025 
0.0075 
0.0125 
0.0175 
0.02 
0.0175 
0.015 
0.0125 
0.01 
0.005 
-0.0075 
-0.0125 
-0.0175 
-0.02 
-0.0125 
0.0025 
0.0125 
0.035 
0.04 
0.03 
0.0175 
0.015 
0.0275 
0.025 
0.015 
0.0075 
0.0025 
-0.0025 
-0.0025 
-0.0025 
0.0025 
0.0075 
0.015 
0.0175 
0.015 
0.0075 
-0.0025 
-0.005 
-0.0025 
-0.0025 
0.0025 
0.0075 
0.01 
0.01 
0.01 
0.015 
0.03 
0.035 
0.035 
0.04 
0.0425 
0.045 
0.045 
0.0475 
0.04 
0.0375 
0.02 
-0.0025 
-0.01 
-0.01 
-0.005 
0.005 
0.0075 
0.005 
0.005 
-0.0025 
-0.0125 
-0.0225 
-0.0325 
-0.0375 
-0.04 
-0.0325 
-0.02 
0.02 
0.0425 
0.0475 
0.04 
0.0225 
0.0 
-0.0175 
-0.035 
-0.0375 
-0.03 
-0.015 
0.0125 
0.025 
0.0375 
0.0425 
0.05 
0.035 
0.025 
0.0175 
-0.0025 
-0.01 
-0.01 
0.0 
0.005 
0.0075 
0.02 
0.0325 
0.0325 
0.0375 
0.0325 
0.02 
0.0125 
0.0 
-0.0025 
0.0025 
0.01 
0.01 
0.0225 
0.0225 
0.025 
0.015 
0.01 
0.0025 
-0.005 
-0.0025 
-0.0075 
-0.01 
-0.015 
-0.0275 
-0.0325 
-0.0325 
-0.025 
0.0025 
0.015 
0.035 
0.0475 
0.04 
0.0375 
0.0125 
-0.0025 
0.0 
0.01 
0.0125 
0.01 
0.005 
0.0025 
-0.0025 
-0.0075 
-0.0175 
-0.0275 
-0.0175 
-0.0075 
0.0025 
0.005 
0.005 
0.01 
0.0125 
0.01 
0.0075 
0.005 
0.0 
-0.0025 
-0.0025 
0.0 
0.0025 
0.005 
0.0075 
0.005 
0.0075 
0.0075 
0.015 
0.0125 
0.01 
0.01 
0.01 
0.0125 
0.015 
0.0125 
0.015 
0.02 
0.0275 
0.0325 
0.0275 
0.0175 
0.0125 
0.0025 
0.0025 
0.01 
0.01 
0.0125 
0.0075 
0.0075 
0.01 
0.01 
0.015 
0.015 
0.015 
0.015 
0.01 
0.0025 
0.0 
-0.0025 
-0.0025 
0.005 
0.0075 
0.0125 
0.0175 
0.0125 
0.005 
-0.0075 
-0.015 
-0.0175 
-0.0125 
-0.0075 
-0.0075 
-0.0075 
-0.005 
0.0025 
0.0 
0.0025 
0.0025 
0.005 
0.005 
0.0125 
0.015 
0.0175 
0.0125 
0.005 
0.0025 
-0.005 
-0.0125 
-0.0125 
-0.0125 
0.0 
0.015 
0.0175 
0.02 
0.0075 
-0.0025 
-0.01 
-0.015 
-0.02 
-0.0175 
0.0025 
0.0125 
0.03 
0.0425 
0.04 
0.04 
0.03 
0.0175 
0.01 
0.0 
-0.005 
0.0025 
0.0075 
0.0125 
0.015 
0.0175 
0.015 
0.01 
0.005 
0.0025 
-0.0025 
-0.0075 
-0.0075 
-0.0075 
-0.0075 
-0.005 
-0.005 
-0.0075 
-0.0075 
-0.0075 
-0.0075 
-0.0075 
-0.0075 
-0.0075 
-0.0075 
-0.01 
-0.01 
-0.0125 
-0.015 
-0.015 
-0.015 
-0.015 
-0.0125 
-0.01 
-0.0125 
-0.0125 
-0.01 
-0.01 
-0.0025 
0.0125 
0.03 
0.045 
0.0425 
0.03 
0.01 
-0.005 
-0.02 
-0.025 
-0.0125 
-0.01 
0.005 
0.02 
0.0175 
0.0225 
0.0325 
0.035 
0.0325 
0.02 
0.005 
-0.0075 
-0.02 
-0.02 
-0.02 
-0.015 
-0.0075 
0.01 
0.025 
0.035 
0.03 
0.0225 
0.005 
-0.0075 
-0.0225 
-0.0275 
-0.0075 
0.02 
0.04 
0.0475 
0.04 
0.02 
0.01 
-0.0025 
-0.0175 
-0.015 
0.0 
0.0125 
0.02 
0.0225 
0.015 
0.0 
-0.0175 
-0.0325 
-0.0425 
-0.0525 
-0.04 
-0.0375 
-0.02 
-0.0025 
0.0025 
0.01 
0.0125 
-0.0025 
-0.0125 
-0.02 
-0.0225 
-0.02 
-0.0125 
-0.005 
0.0025 
0.01 
0.0125 
0.01 
0.0075 
0.0025 
0.0 
-0.0025 
-0.0025 
0.0025 
0.01 
0.0125 
0.0225 
0.025 
0.03 
0.035 
0.04 
0.0475 
0.0475 
