-0.02154612697 
-0.0214781941311 
-0.0214175927847 
-0.0240671483068 
-0.00941166662287 
-0.0149088676678 
-0.0136717771139 
-0.0150818269786 
-0.0124440218511 
-0.0111669595323 
-0.00842688998421 
-0.00569565454037 
-0.00428037353239 
-0.0028698791368 
0.0 
0.00145633177078 
0.00294375192096 
0.00590289690069 
0.00889135928085 
0.0104300513205 
0.0119814200988 
0.0135548354439 
0.0136222761891 
0.0151856465662 
0.0183150469623 
0.0183668124949 
0.0215419203375 
0.021599461167 
0.0232203455806 
0.0232493417765 
0.0233664759193 
0.0234189401607 
0.0235290997363 
0.0251482348824 
0.0252693605608 
0.0237426412856 
0.0237967235596 
0.0238877874114 
0.0239536125106 
0.0223981679188 
0.0256440319286 
0.0353778657164 
0.0466960799632 
0.0484395559289 
0.042048467335 
0.0373147861892 
0.0308824031309 
0.0341971546754 
0.0342414017794 
0.0342652870889 
0.0310710720192 
0.0278563003718 
0.0344290516094 
0.0443374546427 
0.046031389577 
0.0395066181335 
0.0296820367504 
0.019825946784 
0.0115871180505 
0.00331560334638 
0.0033192405339 
0.0116329682214 
0.0116392176481 
0.00666351132618 
-0.00166668009094 
-0.010015945307 
-0.0183861471613 
-0.0217339586892 
-0.0100380375689 
-0.00335003467972 
-0.00167749188741 
-0.0100746112829 
-0.0184940886299 
-0.0218784572774 
-0.00505341322932 
0.00168611266963 
-0.00168604502614 
-0.00843141618812 
-0.0185523274872 
-0.0252937896136 
-0.0303470928523 
-0.0337071037377 
-0.0353790471201 
-0.0370482423439 
-0.0386490962174 
-0.0419847216783 
-0.0435597357279 
-0.0451937270617 
-0.0467868933097 
-0.0467234209924 
-0.0450018277045 
-0.0449798109538 
-0.0416038302083 
-0.0399041490876 
-0.0381992348553 
-0.0365068889842 
-0.0348191927017 
-0.0231775576135 
-0.0214895318511 
-0.0115583486711 
0.0 
0.0131770787443 
0.0213840455975 
0.027932484766 
0.0344780043659 
0.0458972668104 
0.0425944878963 
0.0409095238629 
0.0376276685873 
0.0392618492251 
0.0392488469263 
0.0441388255778 
0.0555403484085 
0.0588210180601 
0.0571935030835 
0.0604335228294 
0.0636882992374 
0.0588056415564 
0.0522889272518 
0.0555771856463 
0.0572482172346 
0.0523654945974 
0.0474506912412 
0.0490814615729 
0.0393026439399 
0.0360343099686 
0.032761775887 
0.027848321148 
0.029479340152 
0.0262019565816 
0.013105423686 
0.011467430048 
0.0131112150631 
0.0 
-0.00328289595352 
-0.00985795029473 
-0.0197510811366 
-0.0148376904498 
-0.0148423094608 
-0.0148436330415 
-0.0164941966339 
-0.00659689393935 
-0.00329782022706 
0.00494065339201 
-0.00329049514246 
-0.00164163447189 
-0.00164029525012 
0.00163984133555 
0.00327884803979 
0.0065540775947 
0.00163664374816 
0.00490988161323 
0.00654537429392 
0.00654540034014 
0.00981663773171 
0.00163545306273 
0.00326912554754 
0.00653875710442 
0.0130832661295 
0.0130990258405 
0.0147433498137 
0.0114792041739 
0.00492369673977 
0.00328668445927 
0.00657580780092 
0.0049394524848 
0.00494245080065 
0.00823782552115 
0.004944172586 
-0.00329599736117 
0.0 
-0.00823739453139 
-0.00823825008368 
-0.00824074009159 
0.0 
0.00495536949424 
0.00661171861952 
0.0115759695499 
0.0148927085672 
0.0165661001699 
0.0198934400633 
0.028232453081 
0.0349070162778 
0.0332696338859 
0.0382731500452 
0.0416333617354 
0.0433113076695 
0.0416590277941 
0.0499775002876 
0.0499644649348 
0.0483084098451 
0.0549491789765 
0.056622226745 
0.0666398137453 
0.0683598138293 
0.0734955055108 
0.075221160835 
0.0720123902499 
0.0703575781575 
0.0636903559562 
0.065363404542 
0.0670282901798 
0.0669976879305 
0.0652876171975 
0.0635842965447 
0.0635233249365 
0.0618686356168 
0.0685852989802 
0.066932279438 
0.0685914117207 
0.0652288839053 
0.0618817039555 
0.0585549447041 
0.0619322058217 
0.0636191624387 
0.0636904474559 
0.0604278682488 
0.0654966053005 
0.055536882695 
0.0555927423744 
0.0505979268118 
0.0506974775347 
0.0490712576095 
0.0441046631369 
0.0424485021452 
0.0407813567654 
0.0357565577512 
0.0409203016665 
0.0392738742348 
0.0342034371298 
0.0427966581322 
0.0257392321676 
0.0326497738827 
0.0344291445656 
0.0310933640373 
0.0363328945021 
0.045072812037 
0.0347369127385 
0.0087115163904 
0.00871722384383 
0.00349169331414 
0.0157499445336 
0.0263149286244 
-0.012289247068 
0.00527186799913 
0.0105671896864 
0.0264269115877 
0.0352863338279 
0.0353290742169 
0.0583593585384 
0.065462880995 
0.0708995713864 
0.0674432347475 
0.0656990331249 
0.0729374001642 
0.074760557325 
0.0766356420128 
0.0696528365953 
0.067986433265 
0.0591523831784 
0.0610133460066 
0.0592613103313 
0.0557215257294 
0.0467996473923 
0.0522774483995 
0.0469908393714 
0.0506271725676 
0.050649843623 
0.0434050146936 
0.0343614138423 
0.0307506987625 
0.0307664196768 
0.0380270081037 
0.0380797589706 
0.0489701376529 
0.0580133996841 
0.0652049039627 
0.0705631980558 
0.0741663282211 
0.0741406222095 
0.0741442022388 
0.0723802039827 
0.0688115258786 
0.0669841789477 
0.0651366264946 
0.0650890897552 
0.0614393431368 
0.0559941903427 
0.0504631995752 
0.0431966236848 
0.0376729382588 
0.0340440875452 
0.0285840361489 
0.0196274395388 
0.0142473354753 
0.00711646091351 
0.0 
-0.00532942011589 
-0.00887677654949 
-0.0300908792609 
-0.04063752424 
-0.0475701084366 
-0.0667627486016 
-0.0701282690659 
-0.0681656894408 
-0.0732660069531 
-0.0678677102471 
-0.0625527443891 
-0.0589840612107 
-0.0552946630808 
-0.0517250910284 
-0.0464763524317 
-0.0412137378341 
-0.0343019142574 
-0.0273945280624 
-0.0205377408706 
-0.0119738476043 
-0.0102315510225 
-0.00851923806372 
-0.00339800208672 
0.0 
0.0016901930865 
0.00505848796127 
0.00838523908817 
0.0100292481319 
0.0100212114421 
0.0133357139217 
0.0149580639974 
0.0165799477242 
0.0165349448016 
0.0 
-0.00164659211602 
-0.00656930335946 
-0.0114822909077 
-0.00983852242262 
-0.00818874867091 
-0.00653842736058 
-0.00489661516888 
-0.00325731627602 
-0.00325731627602 
-0.00325609491887 
-0.00325383996666 
-0.00324921054022 
-0.00162333540333 
0.0 
0.0 
0.0 
0.0 
0.0 
0.0 
0.0 
0.0 
0.0 
-0.00162296090662 
-0.00324695329611 
-0.00325177190853 
-0.00488082171929 
-0.00651308650573 
-0.00814452020054 
-0.00814803574807 
-0.0114159667022 
-0.0130511901204 
-0.0130562244551 
-0.014693768346 
-0.0163326507135 
-0.0179498499408 
-0.0179449759542 
-0.0179290558799 
-0.0195213086473 
-0.0195139272248 
-0.0195057667882 
-0.0211208223698 
-0.0211082179564 
-0.0211044521427 
-0.019464499245 
-0.0178367989103 
-0.0161899860602 
-0.0145631001845 
-0.0145570959945 
-0.0129353354692 
-0.012931966583 
-0.0129310047934 
-0.0113145607334 
-0.00484999084555 
0.00485415827734 
0.0113295375028 
0.0194206797334 
0.0226547270111 
0.0210483954387 
0.0178139491791 
0.0162035184668 
0.012995190844 
0.00975788573736 
0.00814057918248 
0.0048930267088 
0.00326507007022 
0.0 
-0.00163585669839 
-0.0032728256244 
-0.00327365683699 
-0.00491405899564 
-0.00491404748111 
-0.00655140518146 
-0.00655235442935 
-0.00655235442935 
-0.00819184491365 
-0.00982837578871 
-0.00491354127883 
0.00327662828148 
0.00819212714637 
0.00819164269082 
0.00491527830613 
0.00327662316204 
0.00163820003057 
0.0 
0.0 
0.00491069789329 
0.0130992866252 
0.0180209854033 
0.0246043602576 
0.0295474459976 
0.0312482489887 
0.0379122695415 
0.0462295131533 
0.0495710984012 
0.0446959383294 
0.0414273137693 
0.0414596653042 
0.046453697751 
0.0580694603242 
0.0630518280709 
0.079581343744 
0.117405696673 
0.138616985359 
0.151609495637 
0.167814954331 
0.179139727278 
0.185677017023 
0.198733034017 
0.202107860946 
0.200941245795 
0.194803375252 
0.188644796414 
0.17906245242 
0.180728833759 
0.182408367548 
0.180887130161 
0.182765202923 
0.1860549924 
0.17801932757 
0.16843402386 
0.165397998127 
0.165718382103 
0.159194343587 
0.149475763268 
0.114599426758 
0.101441719515 
0.104928177023 
0.0966341388522 
0.0950060015004 
0.113765436563 
0.132464798092 
0.147689714104 
0.149653678975 
0.151520733906 
0.163314650191 
0.170177188552 
0.170233992325 
0.160285249656 
0.165596310256 
0.167449892765 
0.171191373406 
0.179903021508 
0.188508624805 
0.193845485326 
0.192534158009 
0.192534158009 
0.189380877662 
0.186116463343 
0.181213649608 
0.176271655698 
0.154271479156 
0.1304652592 
0.132414249127 
0.134169861228 
0.127338579788 
0.115259624975 
0.108310730737 
0.0978464212425 
0.0803931738771 
0.0628801149447 
0.0523826358595 
0.0401534441799 
0.013958619482 
-0.00174318616346 
-0.00697118896225 
-0.012191264256 
-0.0191313896287 
-0.0225752732584 
-0.0207802666936 
-0.00172988966211 
0.00172604533699 
0.0 
0.0103207307533 
0.0120284306292 
0.00686397336109 
0.0102761001422 
0.0239481622559 
0.0307744097941 
0.0426441490121 
0.0476746112891 
0.0543985760212 
0.0628774751968 
0.078034451491 
0.086418982511 
0.0913793507903 
0.0963396289907 
0.101266639612 
0.109384868836 
0.114186281718 
0.115405387352 
0.120062958174 
0.126127113917 
0.13405319229 
0.137004776505 
0.128530004892 
0.124847277952 
0.124727553531 
0.121270237009 
0.120901975766 
0.114303143452 
0.112513924878 
0.110718957296 
0.108987845306 
0.108781431141 
0.106975715525 
0.0987683734067 
0.0890292178547 
0.0825669972318 
0.0760350311942 
0.0710705132694 
0.0661631296338 
0.0595297273979 
0.0562822944457 
0.0481825402798 
0.0416804231107 
0.0384016044998 
0.0430990534049 
0.0366454622188 
0.0286384808386 
0.0190396734885 
0.0142737207857 
0.0142517462031 
0.0142402234484 
0.0189731756167 
0.0189547473916 
0.0221065049618 
0.0205045548881 
0.0251864274295 
0.0267430786882 
0.0283087984141 
0.0235857871362 
0.0220275773725 
0.0251956849011 
0.0236214303573 
0.0236117603367 
0.0220421476189 
0.0220240138035 
0.0204446764244 
0.0188629058994 
0.0188452879848 
0.0188444216388 
0.0188578137452 
0.0172981155045 
0.0157303090096 
0.0125833448176 
0.0110080142703 
0.00471587404165 
0.00471539299872 
0.00314214840238 
0.0 
-0.00471524457032 
-0.00629013245298 
-0.0220221094107 
-0.0267654375401 
-0.0346597847263 
-0.0425610641616 
-0.0473433077544 
-1.55657967791 
-0.0647849573504 
-0.0899699308305 
-0.107337268628 
-0.0190299808313 
-0.0142777037122 
-0.0190733670732 
-0.00795163696666 
-0.0159257958027 
-0.0287532387071 
-0.0207689659197 
-0.0176017410458 
-0.014430657759 
-0.0208815435194 
0.0160929588409 
-0.00805931242803 
0.00968706973202 
-0.0032300005327 
0.0177862202408 
0.00971955029807 
0.0129772192124 
0.0211377456327 
0.0244847626659 
0.0212428044507 
0.0163702101684 
0.018049273762 
0.00657184108835 
-0.0016452360198 
0.00164804641212 
0.0 
0.0016552693189 
-0.00331793162379 
-0.00166295909637 
0.0 
-0.00500405244675 
-0.00334014727647 
-0.00334228909223 
-0.00334434485585 
-0.00838534570443 
-0.00504209990901 
-0.00505521605046 
-0.00506705151206 
-0.00508137462044 
-0.00508493199536 
-0.00509453691727 
-0.00849355857306 
-0.00679958335802 
-0.00851888647343 
-0.00682980534474 
-0.00854345392163 
-0.00856107654919 
-0.00858977838609 
-0.0171972369151 
-0.0292594351156 
-0.029299294527 
-0.031059453859 
-0.0311339826105 
-0.0311790086946 
-0.0312047407612 
-0.0312503416464 
-0.0295333126259 
-0.0260761823051 
-0.0313084221016 
-0.0417683910823 
-0.0505103748482 
-0.055772928307 
-0.0628007050855 
-0.0698147092474 
-0.0751513448413 
-0.0717047306743 
-0.0665458751507 
-0.0648627077524 
-0.0613976975411 
-0.0614082709034 
-0.0666750368598 
-0.0754375796701 
-0.0719629887925 
-0.0650554617705 
-0.0668235108166 
-0.0668753212469 
-0.0703515809888 
-0.0703400436794 
-0.0772748586522 
-0.0755186556449 
-0.0755070113311 
-0.0737339708962 
-0.0737227468037 
-0.0719795690566 
-0.0719878590407 
-0.0771966869059 
-0.0858611965167 
-0.0910626188402 
-0.0996421497895 
-0.101312221486 
-0.102960653594 
-0.10467311201 
-0.106414323043 
-0.103013134004 
-0.110017982344 
-0.115331173485 
-0.115383999951 
-0.110243192593 
-0.104995025325 
-0.0997459105532 
-0.0927418001693 
-0.0978922010088 
-0.0978663750287 
-0.0856332946598 
-0.0785926694801 
-0.0645744636088 
-0.0540484898473 
-0.0452960417723 
-0.0434854674628 
-0.0434344911873 
-0.0399355110959 
-0.0347103067564 
-0.0277726530955 
-0.0208318087848 
-0.0191103467606 
-0.0225867886871 
-0.029520516904 
-0.0190871565173 
-0.0138802022949 
-0.00694122105225 
-0.0052032192764 
-0.0069294720142 
-0.0103829647585 
-0.0069169395888 
-0.00690438137819 
-0.00517415875928 
-0.00172418081727 
-0.00172295509202 
-0.00343990015326 
0.00514597657856 
0.0102841694093 
0.0136904689129 
0.0187815773971 
0.0204761478717 
0.022157837505 
0.0221392334244 
0.0221400495421 
0.01532878056 
0.0102189387271 
0.0 
-0.00680996074845 
-0.00851293322639 
-0.00680405555429 
-0.0118956328711 
-0.0186618994824 
-0.0203490690246 
-0.0186179629297 
-0.027039431231 
-0.0286569251043 
-0.030324897802 
-0.0386532784387 
-0.0435996893946 
-0.0586393316472 
-0.0703650637777 
-0.0670129989301 
-0.0586553860849 
-0.0602939288845 
-0.0619292389427 
-0.0635057728576 
-0.0584240333923 
-0.055058643289 
-0.0550150237715 
-0.0599436767736 
-0.0582421753155 
-0.0548895621218 
-0.0482105246454 
-0.0431563619282 
-0.0430789636527 
-0.0430415976045 
-0.039685294684 
-0.0363383170684 
-0.0313603323202 
-0.0296920776977 
-0.0329675450012 
-0.0362361230984 
-0.0329130077584 
-0.0345301028954 
-0.024634184431 
-0.0164208932259 
-0.0131341984469 
-0.00656359228374 
0.00984386388003 
-0.0229634204966 
-0.026250691119 
-0.0279250085267 
-0.0180764768661 
-0.00820683266333 
-0.00164081219003 
0.0163920591194 
0.0360133333197 
0.0179982541947 
0.0147083953603 
0.00980220095421 
0.00816876781985 
0.00653781281089 
0.0179764220185 
0.00817020179277 
0.0032677267772 
-0.00163441529228 
-0.00490509287701 
-0.0032707213827 
-0.00163557882669 
-0.00490720780249 
-0.00654516337821 
-0.0081840920852 
-0.0114574681527 
-0.014729933633 
-0.0163625077915 
-0.0179895138422 
-0.0179729140142 
-0.0195953548528 
-0.019585371864 
-0.0179561239799 
-0.0179922874371 
-0.0180024730339 
-0.0147491248701 
-0.0147677780625 
-0.0131263192167 
-0.0114846407388 
-0.00820949716811 
-0.00492987392877 
-0.00328659483575 
-0.00164342393563 
-0.00164317786228 
0.00164339869394 
0.00164595150902 
0.0032946940333 
0.00164872429538 
-0.00824421800242 
-0.0115480629333 
-0.0214480086608 
-0.0181525125605 
-0.0181525125605 
-0.0165098838069 
-0.0132113936758 
-0.00991586085066 
-0.0115864998533 
-0.0149025581647 
-0.0182359914748 
-0.0182660945126 
-0.0265797489603 
-0.0316089708571 
-0.0316168336456 
-0.0349713755804 
-0.0366516941834 
-0.044976029941 
-0.044998050139 
-0.0400042019886 
-0.0400151369048 
-0.0433822154827 
-0.0501269410304 
-0.0484864003341 
-0.0568751538031 
-0.0603058536743 
-0.0653745743834 
-0.0721257748919 
-0.0838448909806 
-0.0871873886056 
-0.0904533436191 
-0.0919451359685 
-0.0868826264238 
-0.088493662822 
-0.0950928908392 
-0.0983068029347 
-0.101530427264 
-0.103076006107 
-0.101391097036 
-0.0963931757586 
-0.0831195266542 
-0.0812513432136 
-0.0827083862334 
-0.0809298900366 
-0.0805773345711 
-0.0788651022681 
-0.073797167465 
-0.0718837217617 
-0.0733440421111 
-0.0700294304825 
-0.0683180571065 
-0.0681531517592 
-0.0680807154906 
-0.0647546552659 
-0.063044604572 
-0.0565553392488 
-0.0516321086556 
-0.0482924982433 
-0.0434154461673 
-0.0337017830824 
-0.0256472653791 
-0.0272036756538 
-0.0240021848153 
-0.0176009299714 
-0.0175948050134 
-0.0143931076783 
-0.0111889951191 
-0.00958099629314 
-0.0159526270213 
-0.0143317791807 
-0.0143197899311 
-0.0159099418968 
-0.00955526453406 
-0.00477565312021 
-0.00954250903004 
-0.00794988991006 
-0.00953885742374 
-0.0127137241331 
-0.0174631932577 
-0.0174461567684 
-0.0142686646245 
-0.0158445911509 
-0.00950136080974 
-0.0094989551706 
-0.0174016542566 
-0.0237158915288 
-0.0426622554449 
-0.0536471014483 
-0.0520238089624 
-0.0566358063517 
-0.0675575141912 
-0.0815232274022 
-0.090805082075 
-0.0970168570537 
-0.101625904811 
-0.107687720451 
-0.109149432418 
-0.112121235515 
-0.11053842798 
-0.110550704823 
-0.108985828183 
-0.107417354634 
-0.105839511314 
-0.102692788795 
-0.0964919595577 
-0.0965296374137 
-0.0980953784804 
-0.105887693775 
-0.102803582136 
-0.0935462172017 
-0.0842697706059 
-0.0780693262338 
-0.0749584793891 
-0.0703009753867 
-0.0625134056735 
-0.0531598603835 
-0.0422389589975 
-0.0344359744977 
-0.026631500206 
-0.0188114595773 
-0.0156948088609 
-0.00785663310335 
0.0 
0.0031539750702 
0.00788997319709 
0.00948891400345 
0.00791719495055 
0.00634185759695 
0.00793700125187 
0.0143089194443 
0.0191068813003 
0.0238980551397 
0.0270944763507 
0.0319612169673 
0.0336512028831 
0.035276290492 
0.0353225862526 
0.0386137616085 
0.0257973188064 
0.0129172205923 
0.012960737765 
0.0162266981996 
0.0162570030018 
0.00814818390435 
0.00163310842044 
-0.00163468537833 
-0.00491337934682 
-0.00984418116334 
-0.00492799764499 
0.00164533734617 
0.00659121611968 
0.00991164784695 
0.0132351328926 
0.00828396590566 
-0.00996914389423 
-0.008319976312 
-0.00500434340558 
0.00167302085371 
0.0016765782112 
0.0 
-0.00168806106852 
0.00506882650814 
0.00845633951005 
-0.00338762144032 
-0.0118676583377 
-0.00849127925485 
0.00169999012647 
0.0119321855983 
0.01876660878 
0.0239462445583 
0.0188347265387 
0.00686515468356 
0.0 
0.00172357319039 
0.0 
-0.00346158126415 
-0.00867019007762 
-0.0243017453753 
-0.0330035305782 
-0.0382705359003 
-0.0504443035256 
-0.0574313510256 
-0.0679125773255 
-0.0731258270094 
-0.0713963334009 
-0.0765701195464 
-0.0782793988749 
-0.0764963066397 
-0.0747122914329 
-0.0763635219267 
-0.0780503909733 
-0.0710448977906 
-0.0588755681447 
-0.0484164619272 
-0.0466898608609 
-0.0483520025645 
-0.0483000653695 
-0.0327534316999 
-0.0241009435435 
-0.0120221560894 
0.0137105613595 
0.0308363304725 
0.0547661355424 
0.0734925740664 
0.088806876911 
0.112549075416 
0.121006443799 
0.127693186222 
0.160995180679 
0.168995188466 
0.188617880565 
0.19627338081 
0.209005798502 
0.224559045735 
0.230668761501 
0.246271207067 
0.251843973101 
0.259091863301 
0.263152057489 
0.275359215417 
0.276128080361 
0.281581427399 
0.28535552211 
0.278856353486 
0.278302682837 
0.276240732135 
0.26342166913 
0.265944237215 
0.2649719817 
0.261445486599 
0.257521014341 
0.252715765744 
0.242679766701 
0.238900377931 
0.236881926581 
0.227326842485 
0.219356529838 
0.216127263668 
0.212626168344 
0.212565485246 
0.207550728069 
0.211785582027 
0.210043127624 
0.20699758473 
0.208494638526 
0.217525523367 
0.220555546049 
0.223489759587 
0.227744067738 
0.228978659093 
0.222736813124 
0.222259848211 
0.223465120443 
0.22142414191 
0.216658172364 
0.213552257733 
0.207533573265 
0.198543783467 
0.195553209518 
0.180456448981 
0.174388025526 
0.166762967366 
0.153023382955 
0.142258563305 
0.137638148685 
0.126849334451 
0.109825167964 
0.092722354869 
0.0833833283095 
0.0739802927036 
0.0645816052962 
0.0473122997064 
0.0268141140148 
0.00945878237347 
-0.00630164960794 
-0.0220471554203 
-0.031479609764 
-0.0283262679352 
-0.0251789730776 
-0.0362057922787 
-0.0487997701901 
-0.0613599548043 
-0.0676033901924 
-0.075415725585 
-0.0816945562192 
-0.0848471460909 
-0.0895717839585 
-0.0913329361937 
-0.0930871548414 
-0.0931539462246 
-0.0934690896483 
-0.0937745379318 
-0.0955641682618 
-0.0958075820692 
-0.0912485996456 
-0.0913125346517 
-0.0882548041579 
-0.0739290091157 
-0.0580398844382 
-0.0435832316419 
-0.0355470379373 
-0.0307420190325 
-0.0242966384142 
-0.0145920606663 
-0.00649818484883 
0.0016282755123 
0.0114110783179 
0.0261128906052 
0.0474114582582 
0.0589884353896 
0.0673367011227 
0.0724736797568 
0.0858150125086 
0.0958554558172 
0.0960222522289 
0.10298471221 
0.10482391901 
0.106661565317 
0.116913733907 
0.13361315546 
0.132124000348 
0.1406223405 
0.142425423058 
0.139343632084 
0.134476465956 
0.141395032516 
0.146507877847 
0.149947305567 
0.146868306694 
0.140459218269 
0.142366217256 
0.13580835797 
0.107339112442 
0.115870691661 
0.107618911564 
0.0907249044629 
0.0617747485497 
0.0481232284346 
0.0258152678901 
-0.0310128590848 
-0.277399188492 
-0.543499763483 
0.0912339847334 
-0.00688989091638 
0.177127160342 
0.166452634478 
0.730397862918 
0.543646798359 
0.340074415422 
0.115473338957 
0.0545057317914 
0.0204390692981 
0.0663462897712 
0.0731955656706 
0.0766942558431 
0.0597445983842 
0.0580985342564 
0.053195071353 
0.0309312495091 
0.0137597649004 
0.00172182412257 
0.0 
0.0 
0.0 
-0.0086136785476 
-0.0120743256928 
-0.0120808367424 
-0.0172639163817 
-0.0172685402553 
-0.0120756466108 
0.00172419031484 
0.00344684605981 
0.0 
0.00343734043236 
0.0120205545208 
0.0154204278166 
0.0136912162894 
0.017094410292 
0.0272807103691 
0.0391748839477 
0.0391396900366 
0.0458570646384 
0.0525988105315 
0.060934638707 
0.064232842096 
0.0573993493476 
0.0674776328069 
0.0658112191454 
0.0641386198562 
0.0658242297988 
0.0624778917047 
0.0624778917047 
0.0624769823607 
0.0607992164561 
0.0540729720311 
0.0557565540528 
0.0490001136794 
0.0523748243667 
0.0591276787803 
0.0439571839087 
0.0439702697848 
0.0541005167766 
0.0591855101351 
0.0609271979323 
0.0575824269691 
0.0542701461598 
0.0508966141082 
0.0424310024848 
0.0373556884192 
0.0356332977765 
0.0406840109081 
0.0253968271092 
0.020294177399 
0.013519804261 
0.0169007040806 
0.0185939506976 
0.0219681995384 
0.0219674827571 
0.0270036981406 
0.0286374840095 
0.0302699268071 
0.0251764181354 
0.0301891666771 
0.0267718921758 
0.0250308799477 
0.0283245267873 
0.0282687154148 
0.0265713274676 
0.0248863214873 
0.0198800902762 
0.0215309355784 
0.0214995542345 
0.0198454513809 
0.0181994673248 
0.0165604088788 
0.0132535050295 
0.0116136831435 
0.00664846217756 
0.00831375059854 
0.00498975803938 
0.00332565662492 
0.00166312592359 
0.0149649184497 
0.0199449119283 
0.0232738031384 
0.024979412853 
0.035019778684 
0.0350484337649 
0.0367347591659 
0.0434306546727 
0.0434147023924 
0.0433865277024 
0.0500315502446 
0.045040239723 
0.0300346692129 
0.0216763999449 
0.0116628528232 
0.0133152268577 
0.0133137074969 
0.00498948816286 
0.00332286517665 
0.0116118101354 
0.0132609392339 
0.00828501837142 
0.0115941194362 
0.0149073189031 
0.0248451990611 
0.0215284043631 
0.0198587421429 
0.021502239753 
0.0115778775801 
0.0132362020617 
0.011581431479 
0.00827295071813 
0.0198704442121 
0.02156509625 
0.0083006929494 
0.00166190773456 
0.0033257900573 
0.00166331006585 
0.0149693914588 
0.00665263960151 
0.00498939715537 
0.00332677214307 
-0.00166349767961 
-0.00166339951355 
0.0 
-0.00166499786756 
0.00499532391865 
0.00666266930067 
0.0 
-0.00667256103562 
-0.00334107664748 
-0.0100266940361 
0.0 
0.00334889602228 
0.00334994210313 
0.00167555949649 
-0.00502965069186 
-0.0067125571838 
-0.00671899817804 
-0.0134594142441 
-0.00673268129586 
0.00336916429561 
0.0 
0.0 
-0.00507510488502 
-0.0152349274035 
-0.0152514481738 
-0.00678920897383 
-0.00339517531572 
-0.00509577810688 
0.00169967599094 
0.00170043107647 
0.0068171041798 
-0.00170621013226 
-0.00170897688039 
0.00684315899773 
0.00342396191787 
0.00856522752926 
0.0102901017743 
0.0154477637332 
0.0206133641324 
0.0206545065865 
0.0155187969308 
0.0120800444695 
0.0138114121842 
0.013836144538 
0.0224974668237 
0.0260069401498 
0.0312886672432 
0.0156559169595 
0.00870562704049 
0.0121890728247 
0.0191543106427 
0.0191488752215 
0.0121791246335 
0.0121748916222 
0.0121727363516 
0.0243394554151 
0.0329889311708 
0.0346902621183 
0.0381607783092 
0.0398996775317 
0.0364242596566 
0.0381566649007 
0.043357148448 
0.0433509001277 
0.0398640892892 
0.0381205907195 
0.0415633347827 
0.0398004080435 
0.0432522873328 
0.0397815761306 
0.0483740924625 
0.0518234071519 
0.0414620184969 
0.0414407422917 
0.0465534107115 
0.0482497963866 
0.0361711734245 
0.0378435061275 
0.0361077755179 
0.034357366722 
0.0274520777462 
0.0291416168142 
0.0291239340238 
0.0136998085979 
0.0170996952141 
0.0170781537366 
0.0170679123732 
0.00682119731037 
0.00170375401957 
0.00170215834363 
0.0051030334857 
0.00169820922109 
0.0 
-0.00339631458999 
-0.00339460514095 
-0.0033915322458 
0.00169619796455 
0.00508850587808 
0.00848268676938 
0.00848776844596 
0.0118801219906 
0.0101840398674 
0.0 
-0.00508877216673 
-0.00339190909302 
0.00847868188556 
0.0101685228465 
0.00338674366099 
0.0101481172175 
0.0236202668009 
0.0252448702754 
0.0151266307286 
0.0117470510866 
0.00834903104064 
0.00832823754258 
0.00829799716536 
0.00496490955814 
0.0 
0.00164633397815 
0.0 
-0.00328122866537 
-0.00491467970879 
-0.00491129667118 
0.00163662816578 
0.00981986981769 
0.0130946104404 
0.0229138777044 
0.0359872653575 
0.0441506915022 
0.0539538175474 
0.0572652690791 
0.049101088692 
0.0507564799662 
0.0540154208822 
0.0556516966675 
0.0507564997627 
0.0474918938758 
0.0393163142201 
0.0343779492855 
0.0278438701707 
0.0196743469461 
0.0147699169878 
0.019720895807 
0.0361747412522 
0.0329236868612 
0.0263508677864 
0.023071945298 
0.0181307351029 
0.0131798279796 
0.0082330431564 
0.00658648809898 
0.00493774754823 
0.00987429574923 
0.0115113025224 
0.00986614332709 
0.00986228626861 
0.0131423599378 
0.0147712993567 
0.0131038617611 
0.00817203238297 
0.0114235529135 
0.00651314870523 
0.00651069399114 
0.013010055962 
0.0129945779043 
0.016229006007 
0.0129746591899 
0.0113309847119 
0.0129239129 
0.0129033059779 
0.00966481500909 
0.00965998490703 
0.00966199055668 
0.00644047007926 
0.00804957944836 
0.0048270041369 
0.00482424815851 
-0.00160757829843 
-0.00481807290404 
-0.0144344505887 
-0.0256435616765 
-0.0303814184151 
-0.028750545834 
-0.017545890316 
-0.0143507078926 
-0.00796291543018 
-0.00318107005221 
-0.00317846344682 
-0.00476624553452 
0.00953173442639 
0.012711001212 
0.00794569841887 
-0.00317917246962 
0.0 
0.0 
-0.00955896647468 
-0.00797549292924 
-0.00319500593373 
0.0 
-0.00159842828205 
0.00319662424557 
0.00799214435059 
0.00479559721678 
0.00319773751199 
0.00479988110855 
0.00640251904389 
0.00640747005341 
0.00320409904362 
0.00320448410626 
0.012816037909 
0.011222128718 
0.0144420367072 
0.0112340326551 
0.0144457680823 
0.0144468847747 
0.0304941647983 
0.0337022677636 
0.0288849505397 
0.0369012182761 
0.0369131696533 
0.0385171667237 
0.0417200698622 
0.0353076278928 
0.0385086483828 
0.0481484139625 
0.0465769995852 
0.0434305349537 
0.0483125562962 
0.0483294256476 
0.0451763266216 
0.0516695310314 
0.0533134886966 
0.0420198712527 
0.0404093723626 
0.040435671232 
0.0339908374194 
0.0275586348348 
0.0308070096109 
0.0292009210917 
0.024348726985 
0.0227488830085 
0.0260300451685 
0.034175535232 
0.0293634164101 
0.0245850944915 
0.0164318157007 
0.013192918089 
0.0198483435191 
0.0165781155962 
0.0116498264045 
0.00667144293594 
0.00167192354469 
0.00335202363584 
0.01006966761 
0.0151304707811 
0.0202211431716 
0.0253083690597 
0.0304261878708 
0.0338050500693 
0.0371938109483 
0.0389035665538 
0.0406121712261 
0.0406955638276 
0.0373569974866 
0.0374115548641 
0.0374792920175 
0.0358076832156 
0.034152151513 
0.0342563423766 
0.0326061356301 
0.0309218548948 
0.0292097134141 
0.0257558644442 
0.0223078597618 
0.0205930227865 
0.0171618252417 
0.0137362255578 
0.008592749497 
0.00516044734836 
0.00344409498975 
0.0 
-0.00172194499961 
-0.00172252785096 
0.0103403185022 
0.0258545984197 
0.02239794057 
0.0189262413157 
0.0103121417517 
0.0103111868923 
0.0103094238248 
0.0154623603434 
0.0120207612143 
0.0137229055495 
0.0188570543911 
0.0325074168913 
0.0256249094554 
0.017041388465 
0.010219620934 
0.0 
-0.00509126148141 
-0.00678229877154 
0.0067763007527 
0.00508125027223 
-0.00169183122517 
-0.00506585160412 
-0.0117985877156 
-0.0151406836196 
0.0 
0.0100666161141 
0.00837438915314 
0.0 
-0.00668938401763 
0.00500262003761 
0.0133207630947 
0.0149694021431 
0.00995008133557 
0.0049733020395 
0.0 
-0.00660783079313 
-0.011552472111 
-0.0164803066921 
-0.0197458266975 
-0.0230141410657 
-0.0246465865017 
-0.026281342164 
-0.0279131724083 
-0.0295426768558 
-0.0311305800802 
-0.0310806203848 
-0.0310541678053 
-0.0294155502224 
-0.0277730508116 
-0.026115318722 
-0.0277415500201 
-0.0244713522583 
-0.0228382816765 
-0.0212115091563 
-0.014685601343 
-0.011426567098 
-0.00163249706763 
0.00326342007307 
0.0163038059869 
0.0260815586643 
0.0309631734747 
0.0325858801664 
0.045617970828 
0.0539130028124 
0.0506920173612 
0.0442509700545 
0.0443274232016 
0.0460675670976 
0.0460971973467 
0.0461436363888 
0.0593142752871 
0.0675623027375 
0.0643221161078 
0.062725792645 
0.0676977520916 
0.0595340678817 
0.056270125855 
0.0596450766703 
0.0613337963285 
0.0563206524658 
0.047998258943 
0.0529492340604 
0.0414081185929 
0.0381236135997 
0.0315071216768 
0.0348059809467 
0.024840993483 
0.0115799954084 
0.0181723668822 
0.00330206254138 
-0.00164838813449 
0.0 
-0.0148064167172 
-0.0115076246453 
-0.0131446889479 
-0.01640980551 
-0.0147483792615 
-0.0180178244285 
-0.00818009290579 
-0.00326954067166 
-0.00326479762317 
-0.00651971718006 
-0.011401649692 
-0.0081417914944 
-0.00325735928043 
-0.00162824213736 
-0.00650823557239 
-0.00487613066588 
-0.0032502519316 
-0.00162459848292 
-0.00162407258982 
-0.0129867898508 
-0.00973853256777 
-0.00649005954071 
-0.00324264924514 
0.0 
0.00162029193047 
-0.00161966886836 
-0.00809782605306 
-0.00809535227438 
-0.0113285889288 
-0.00647605226722 
-0.00971668251438 
-0.00486515088918 
-0.00811124902436 
-0.0162259801258 
-0.00973708645343 
-0.019488533758 
-0.0211121142509 
-0.0211152941305 
-0.0194953674425 
-0.011376176873 
-0.00650158740334 
-0.00325233495291 
0.00162722271206 
0.00651041153469 
0.00814073781174 
0.00814073781174 
