0.0690288871324 
0.0688112457774 
0.068617092856 
0.0771056657368 
0.0301528378601 
0.0477646189009 
0.0438012623156 
0.0483187411691 
0.0398678138782 
0.0357763968551 
0.026997837635 
0.0182475808743 
0.0137133426283 
0.009194439599 
-1.33315499166e-46 
-0.00466575554727 
-0.00943111118675 
-0.0189115382305 
-0.0284858915529 
-0.0334155106572 
-0.0383857431472 
-0.0434266078197 
-0.0436426726185 
-0.0486513554995 
-0.0586772421489 
-0.0588430871339 
-0.0690154100395 
-0.0691997577614 
-0.0743927025259 
-0.0744855997382 
-0.0748608708732 
-0.0750289543621 
-0.0753818805713 
-0.0805692210808 
-0.0809572801873 
-0.0760660190953 
-0.0762392863927 
-0.0765310342487 
-0.0767419228855 
-0.0717586324167 
-0.0821576419785 
-0.113342630113 
-0.149603612649 
-0.155189312846 
-0.134713719538 
-0.119548082484 
-0.0989401911106 
-0.109559900655 
-0.109701658307 
-0.109778181402 
-0.0995446432896 
-0.0892452465807 
-0.110302845654 
-0.142047113921 
-0.147474095928 
-0.126570213195 
-0.0950944904185 
-0.0635178213122 
-0.0371224891234 
-0.0106224385242 
-0.0106340912452 
-0.0372693826362 
-0.037289404377 
-0.0213483737417 
0.00533966369194 
0.0320888092363 
0.0589050310046 
0.0696306572122 
0.0321595878154 
0.01073274868 
0.00537430222717 
0.0322767616715 
0.0592508509037 
0.0700935978024 
0.0161899858813 
-0.00540192125139 
0.00540170453706 
0.0270123385622 
0.0594374349479 
0.0810355453126 
0.0972251788092 
0.107989888982 
0.113346415061 
0.118694136667 
0.123822908139 
0.134509492962 
0.13955547952 
0.144790415873 
0.149894557943 
0.149691207084 
0.144175614007 
0.144105077348 
0.133289203379 
0.127843811898 
0.122381654719 
0.116959763709 
0.111552768922 
0.0742556196173 
0.0688475692521 
0.0370303185796 
-5.36192683168e-46 
-0.0422163613276 
-0.068509615303 
-0.0894893240407 
-0.110459679145 
-0.147044397109 
-0.136463045148 
-0.131064803865 
-0.120550486479 
-0.12578602932 
-0.125744372913 
-0.141410751603 
-0.177938635882 
-0.188449154799 
-0.18323496722 
-0.19361525309 
-0.204042815948 
-0.188399891981 
-0.167521822487 
-0.178056654008 
-0.183410258908 
-0.167767126836 
-0.152021215442 
-0.157245832438 
-0.125916726302 
-0.115445728097 
-0.104961273695 
-0.0892196829636 
-0.0944450966491 
-0.0839451055885 
-0.0419867948287 
-0.0367390360033 
-0.0420053490829 
6.06493076955e-46 
0.0105176514814 
0.0315826291751 
0.0632779688166 
0.0475365832937 
0.0475513815536 
0.047555622005 
0.0528436521036 
0.0211349467957 
0.0105654654571 
-0.0158287290255 
0.0105419975532 
0.00525942322863 
0.00525513266687 
-0.0052536784279 
-0.010504682887 
-0.020997772972 
-0.00524343408562 
-0.0157301432497 
-0.0209698895771 
-0.0209699730233 
-0.0314502731255 
-0.00523961940051 
-0.0104735342346 
-0.020948689608 
-0.0419158070607 
-0.0419662975879 
-0.0472343373667 
-0.0367767576231 
-0.0157744037709 
-0.0105297889915 
-0.0210673916072 
-0.0158248815921 
-0.0158344875138 
-0.0263921181244 
-0.0158400037221 
0.0105596254097 
-1.52919894219e-46 
0.0263907373314 
0.0263934783262 
0.0264014557448 
-3.82014250866e-46 
-0.0158758760678 
-0.021182441697 
-0.0370867718648 
-0.0477128488203 
-0.0530740146685 
-0.063734054418 
-0.0904503542524 
-0.111834135672 
-0.10658833514 
-0.122618462165 
-0.133383815671 
-0.13875957256 
-0.133466043881 
-0.160116536551 
-0.160074774247 
-0.154769150641 
-0.176044663566 
-0.181404727848 
-0.213498796696 
-0.219009285511 
-0.235462872827 
-0.240991479744 
-0.230711309073 
-0.225409667747 
-0.204049405206 
-0.209409472106 
-0.214743386779 
-0.214645344137 
-0.209166666703 
-0.20370961499 
-0.203514275834 
-0.198213027844 
-0.219731688616 
-0.214435790213 
-0.219751272446 
-0.208978498602 
-0.198254895827 
-0.187596716322 
-0.198416692312 
-0.203821317379 
-0.204049698351 
-0.193597137101 
-0.209836217022 
-0.177927532525 
-0.178106494225 
-0.162104241931 
-0.162423179791 
-0.157213141262 
-0.141301302918 
-0.135995340026 
-0.130654185654 
-0.114555873206 
-0.131099333495 
-0.125824554714 
-0.109580028209 
-0.137110752571 
-0.0824626418774 
-0.104602444764 
-0.110303143465 
-0.0996160618421 
-0.116402324987 
-0.144403031653 
-0.111289162646 
-0.0279097158623 
-0.0279280012441 
-0.0111865907046 
-0.0504592377585 
-0.0843070423025 
0.0393719506982 
-0.0168898652457 
-0.0338548707704 
-0.0846658102307 
-0.113049382774 
-0.113186313253 
-0.18697010276 
-0.209728172022 
-0.227146090701 
-0.216072774737 
-0.2104847497 
-0.233674830316 
-0.239515810927 
-0.245523155516 
-0.223151836174 
-0.21781305916 
-0.189510773223 
-0.195472874588 
-0.18985975103 
-0.178519086784 
-0.149935419121 
-0.167485046857 
-0.150547954709 
-0.162197938677 
-0.162270571579 
-0.139059788538 
-0.110086149642 
-0.0985182402886 
-0.0985686065202 
-0.121829879404 
-0.121998881176 
-0.156889175935 
-0.185861729328 
-0.208901672324 
-0.226068427105 
-0.237612036118 
-0.237529679908 
-0.237541149507 
-0.231889700562 
-0.220456468112 
-0.214602064431 
-0.208682926855 
-0.208530629961 
-0.196837672441 
-0.17939264215 
-0.161672606528 
-0.138392151174 
-0.120695520204 
-0.109069508407 
-0.0915767463853 
-0.0628818492767 
-0.0456452203142 
-0.0227995211328 
3.28786141665e-46 
0.0170742491295 
0.0284391718005 
0.0964043287739 
0.130193378978 
0.152403800958 
0.213892651997 
0.224675013606 
0.218387355151 
0.23472761168 
0.217432697631 
0.200404756654 
0.188971507947 
0.177151516008 
0.16571541955 
0.148899655646 
0.132039436193 
0.109895526514 
0.087765833196 
0.0657982475686 
0.0383614825983 
0.0327795608792 
0.0272936998642 
0.0108864253351 
-1.57410473027e-46 
-0.0054149939784 
-0.0162062441675 
-0.0268643976434 
-0.0321314284599 
-0.0321056807348 
-0.0427245923322 
-0.0479222327444 
-0.0531183790807 
-0.052974199959 
7.69331266918e-46 
0.00527530639212 
0.0210465528571 
0.0367866468155 
0.0315203866944 
0.0262348870657 
0.0209476331837 
0.0156876405813 
0.0104357000163 
0.0104357000163 
0.010431787066 
0.0104245627123 
0.0104097310836 
0.00520079717764 
-7.49638670629e-47 
1.02634754074e-75 
-5.38361639107e-107 
-6.08751266596e-136 
3.20260831375e-167 
3.61565664597e-196 
-1.89310998344e-227 
-2.14717877824e-256 
1.12648792053e-287 
0.00519959737542 
0.0104024993872 
0.0104179371247 
0.0156370419632 
0.0208664468521 
0.0260931891126 
0.0261044521267 
0.036574159156 
0.0418130428278 
0.0418291716901 
0.0470754896283 
0.052326095741 
0.0575072340071 
0.0574916188634 
0.0574406145685 
0.0625418300545 
0.0625181816568 
0.0624920374754 
0.0676663079885 
0.0676259263167 
0.0676138615067 
0.0623598256591 
0.0571450442345 
0.0518690306607 
0.0466568585776 
0.0466376225193 
0.0414418708926 
0.0414310777478 
0.0414279963929 
0.0362492775109 
0.0155382668606 
-0.0155516183635 
-0.0362972596713 
-0.0622194379166 
-0.072580589358 
-0.0674342685847 
-0.0570718388961 
-0.0519123854115 
-0.041633633891 
-0.0312620451069 
-0.0260805629876 
-0.0156761439719 
-0.0104605414082 
1.51034592811e-46 
0.00524091255728 
0.0104853884387 
0.0104880514547 
0.0157435266322 
0.0157434897422 
0.0209892111682 
0.0209922523424 
0.0209922523424 
0.0262448067227 
0.0314878791887 
0.0157418679853 
-0.0104975712866 
-0.0262457109322 
-0.0262441588468 
-0.0157474330255 
-0.0104975548851 
-0.00524842006029 
7.5768870384e-47 
-1.03534873289e-75 
-0.0157327584252 
-0.0419671330827 
-0.0577351358392 
-0.0788267705631 
-0.094663292278 
-0.100112277976 
-0.121462283164 
-0.148108838776 
-0.1588145174 
-0.143195614066 
-0.132723684882 
-0.132827331836 
-0.148827075205 
-0.18604133486 
-0.202003707184 
-0.254960513451 
-0.338878776901 
-0.370203777074 
-0.390085394911 
-0.415497884536 
-0.43272911114 
-0.442959494182 
-0.463738857974 
-0.468034137085 
-0.46576488748 
-0.45602150671 
-0.446348744603 
-0.431521298009 
-0.435163424512 
-0.43770479196 
-0.435113239328 
-0.437998307959 
-0.443032388565 
-0.430036556755 
-0.414756161058 
-0.410426941579 
-0.410117675168 
-0.39988856892 
-0.38427834316 
-0.329577520378 
-0.309818649215 
-0.315751118891 
-0.302037971976 
-0.3 
-0.328946685654 
-0.356615977016 
-0.379032689923 
-0.380484350798 
-0.382570594702 
-0.400506132753 
-0.409187826915 
-0.408530043334 
-0.392607097717 
-0.400005238539 
-0.401854397483 
-0.406336137706 
-0.417892549002 
-0.429515739327 
-0.435530753457 
-0.43112313038 
-0.431359864515 
-0.425309332331 
-0.420026863924 
-0.411516385965 
-0.403310709691 
-0.370736192014 
-0.336207647735 
-0.339033512835 
-0.341025161956 
-0.330343494916 
-0.312683500558 
-0.302731126385 
-0.3 
-0.257561432433 
-0.201453577408 
-0.167822043539 
-0.128642496637 
-0.0447202399806 
0.00558477173629 
0.0223341028633 
0.0390580360684 
0.0612926182606 
0.0723260376174 
0.0665752451091 
0.00554217277211 
-0.00552985642934 
8.0062499843e-47 
-0.0330652724403 
-0.0385363541875 
-0.0219906084784 
-0.0329222861199 
-0.0767244615097 
-0.0985942050376 
-0.13662214806 
-0.152738604314 
-0.174280657009 
-0.201445120257 
-0.25000462273 
-0.276866751884 
-0.292758642921 
-0.3 
-0.3 
-0.302751528113 
-0.309338969189 
-0.31056854963 
-0.317102127875 
-0.325121385481 
-0.335893962721 
-0.339232094791 
-0.32694670906 
-0.321831511181 
-0.321708623422 
-0.316820498699 
-0.31604237884 
-0.306675755418 
-0.304147415155 
-0.30141936466 
-0.3 
-0.3 
-0.3 
-0.3 
-0.285229351862 
-0.264525867722 
-0.243598935146 
-0.227693749589 
-0.211971609291 
-0.190719698222 
-0.180315662126 
-0.1543658932 
-0.133534589606 
-0.123030001003 
-0.138079558203 
-0.117403720814 
-0.09175117478 
-0.060998780621 
-0.0457297528437 
-0.0456593512822 
-0.0456224349986 
-0.0607857365741 
-0.0607266967348 
-0.0708242106818 
-0.0656919272333 
-0.0806915813093 
-0.0856787376642 
-0.0906949473242 
-0.0755634940993 
-0.070571344649 
-0.0807212401413 
-0.0756776868676 
-0.0756467063221 
-0.0706180244024 
-0.0705599277849 
-0.0655000902632 
-0.0604324574963 
-0.0603760137076 
-0.060373238132 
-0.0604161433929 
-0.0554192252014 
-0.0503963300086 
-0.0403141729543 
-0.03526717241 
-0.0151085871445 
-0.0151070459924 
-0.0100667283602 
1.44817742096e-46 
0.0151065704616 
0.0201521528092 
0.0705538265437 
0.085750370337 
0.111042062049 
0.136355963109 
0.15167718319 
4.98654484448 
0.207556258953 
0.28824318214 
0.312831734331 
0.0609677275532 
0.0457425132339 
0.061106727198 
0.0254752351295 
0.0510226252028 
0.0921188328727 
0.0665390400014 
0.0563919723336 
0.046232543189 
0.0668997130093 
-0.0515581775325 
0.0258202028019 
-0.0310351667428 
0.0103481865915 
-0.0569830016886 
-0.0311392270842 
-0.0415760568735 
-0.0677205262712 
-0.0784436070987 
-0.0680571108137 
-0.0524464276862 
-0.0578257653022 
-0.0210546831629 
0.00527096176844 
-0.00527996562584 
7.64763177933e-47 
-0.0053031061753 
0.0106298977951 
0.0053277424722 
-7.68269511137e-47 
0.0160318451679 
0.0107010716903 
0.0107079335805 
0.0107145197793 
0.0268647392176 
0.0161537405778 
0.0161957617099 
0.0162336798352 
0.0162795678147 
0.0162909648343 
0.0163217368181 
0.0272114286205 
0.0217843175631 
0.0272925734489 
0.0218811419303 
0.0273712819617 
0.0274277408497 
0.0275196950028 
0.0550960331597 
0.0937405709604 
0.0938682714432 
0.0995074213486 
0.0997461945063 
0.0998904478321 
0.0999728875172 
0.100118982375 
0.0946180121718 
0.0835421534316 
0.100305058935 
0.133816418967 
0.161823745366 
0.178683768944 
0.201199166292 
0.223670439311 
0.24076780519 
0.229725637813 
0.213197838819 
0.207805353546 
0.19670424943 
0.196738124077 
0.213611643539 
0.241684836437 
0.230553038047 
0.208422893551 
0.214087320305 
0.214253309132 
0.225390454184 
0.22535349127 
0.24757106015 
0.241944585408 
0.241907279677 
0.23622686165 
0.236190902212 
0.230606157439 
0.230632716662 
0.247320615666 
0.275079732504 
0.291743905838 
0.3 
0.3 
0.301738863498 
0.304887023037 
0.307777332316 
0.30323867179 
0.314047784238 
0.322909070962 
0.323538325798 
0.316316369798 
0.309036991605 
0.301122000875 
0.297123620652 
0.3 
0.3 
0.274349586823 
0.251793026122 
0.206881884911 
0.173159060584 
0.14511820892 
0.139317540901 
0.139154224516 
0.127944288635 
0.111203923135 
0.0889772597447 
0.0667403742386 
0.0612252017003 
0.0723629304302 
0.094577017591 
0.0611509054388 
0.0444690091599 
0.0222380925001 
0.0166699303618 
0.0222004512561 
0.0332646560292 
0.0221603002174 
0.0221200665688 
0.0165768270788 
0.00552388293251 
0.00551995598778 
0.0110206572048 
-0.0164865377858 
-0.0329481382149 
-0.0438611465854 
-0.0601718994843 
-0.0656009176179 
-0.0709886684677 
-0.0709290652275 
-0.0709316798829 
-0.0491099242397 
-0.0327391539551 
4.73147509186e-46 
0.0218175643602 
0.0272735006003 
0.0217986454621 
0.0381109003941 
0.0597884786831 
0.0651937859135 
0.0596477159676 
0.0866281837647 
0.0918102660093 
0.0971540709192 
0.123836307024 
0.139683481974 
0.187867072882 
0.225433649971 
0.214694397095 
0.187918507647 
0.193168025861 
0.198407187108 
0.203458042968 
0.187177306273 
0.176395362311 
0.176255615304 
0.192045897811 
0.186594674384 
0.175853664732 
0.154455548739 
0.138263161669 
0.138015195209 
0.137895482895 
0.127142652198 
0.116419697656 
0.100471367461 
0.0951266593286 
0.105620511106 
0.116092291434 
0.105445786192 
0.110626590977 
0.0789223204271 
0.0526088046673 
0.0420789826138 
0.0210282558703 
-0.0315374995083 
0.0735695730301 
0.0841012399551 
0.0894653718716 
0.0579129178566 
0.0262928240617 
0.0052567888247 
-0.0525164267525 
-0.115378523688 
-0.0576623102201 
-0.0471223512533 
-0.031404020976 
-0.0261708729663 
-0.0209456643064 
-0.0575923648965 
-0.0261754670892 
-0.0104690528928 
0.00523629462015 
0.0157148012287 
0.0104786469272 
0.0052400223196 
0.0157215769686 
0.0209692138512 
0.0262199684249 
0.0367071203581 
0.0471913549772 
0.0524217510237 
0.0576343081201 
0.0575811260491 
0.0627790572448 
0.0627470740209 
0.0575273346003 
0.0576431940868 
0.0576758264209 
0.0472528393331 
0.047312599916 
0.0420537393537 
0.0367941751398 
0.0263013605286 
0.0157941940786 
0.0105295018582 
0.00526515626317 
0.00526436790018 
-0.00526507539456 
-0.00527325403306 
-0.0105554498439 
-0.00528213740952 
0.0264125981796 
0.0369973654167 
0.0687145384006 
0.0581565189167 
0.0581565189167 
0.0528939102355 
0.0423262985585 
0.0317681614164 
0.0371205085604 
0.0477444046891 
0.0584239663591 
0.0585204096412 
0.0851554663882 
0.101267948746 
0.101293139331 
0.11204032823 
0.117423686611 
0.144092963844 
0.144163511547 
0.128164358622 
0.128199391605 
0.138986745056 
0.16059531068 
0.155339391659 
0.182215048579 
0.193206230173 
0.209445257736 
0.231074567661 
0.268619948457 
0.27932855013 
0.289791926695 
0.294571289865 
0.27835216146 
0.283513555424 
0.304655980074 
0.314952622974 
0.325280381662 
0.330232064517 
0.324833999322 
0.308821797024 
0.266296046241 
0.260310811677 
0.264978845904 
0.259280948857 
0.258151441384 
0.252665838772 
0.236429329073 
0.23029908452 
0.234977618566 
0.22435835728 
0.218875506474 
0.218347187272 
0.218115117953 
0.207459177971 
0.201980564738 
0.181190435533 
0.16541752519 
0.15471817349 
0.139093208606 
0.107972842813 
0.0821680012179 
0.087154385515 
0.076897537495 
0.0563893738356 
0.0563697508641 
0.0461122412763 
0.0358469938603 
0.0306953315859 
0.0511085863205 
0.0459157587278 
0.0458773479007 
0.0509718328965 
0.0306128928861 
0.0153001057071 
0.0305720271542 
0.0254696379578 
0.0305603282387 
0.0407318786083 
0.0559480967526 
0.055893515718 
0.0457135540541 
0.0507624639797 
0.0304401976213 
0.030432490501 
0.0557509397985 
0.0759803189625 
0.13668015695 
0.171873103506 
0.166672443826 
0.181448233817 
0.216438900065 
0.261181866739 
0.290918816655 
0.31081992995 
0.325586269992 
0.345006947694 
0.349689940168 
0.359210920938 
0.354139965825 
0.354179298037 
0.349165789433 
0.344140757149 
0.339085706253 
0.329004323465 
0.309138277834 
0.30925898911 
0.314275267141 
0.339240071894 
0.329359280113 
0.299700789746 
0.269981166079 
0.250116353468 
0.240149908175 
0.225228325352 
0.200278724362 
0.170312094025 
0.135324011471 
0.110325025013 
0.0853212656014 
0.0602676351887 
0.0502825956115 
0.0251708643733 
-3.62540487189e-46 
-0.0101046183123 
-0.0252776784458 
-0.0304003208867 
-0.0253648907485 
-0.0203178683983 
-0.0254283456302 
-0.0458425213351 
-0.0612140991543 
-0.0765639297132 
-0.0868045358003 
-0.102396465115 
-0.107810795366 
-0.113017206211 
-0.113165527292 
-0.123709704094 
-0.0826487382482 
-0.0413838349498 
-0.041523254067 
-0.0519866480001 
-0.0520837376891 
-0.0261049267858 
-0.00523210770021 
0.0052371599144 
0.0157413491921 
0.0315385160118 
0.0157881828924 
-0.0052712863951 
-0.0211167563537 
-0.0317546639114 
-0.0424023536062 
-0.0265399414154 
0.0319388681614 
0.0266553105617 
0.0160327773338 
-0.00535997805276 
-0.00537137501653 
7.6981804419e-47 
0.00540816347801 
-0.0162393665187 
-0.0270921872133 
0.0108531681066 
0.0380212763558 
0.0272041262037 
-0.00544638146474 
-0.038228007013 
-0.0601239434417 
-0.0767183176429 
-0.0603421772378 
-0.0219943931668 
3.18148538119e-46 
-0.00552193623428 
8.03458129023e-47 
0.0110901185497 
0.0277773157616 
0.0778572613525 
0.105735800705 
0.12261008704 
0.161612067886 
0.183996977895 
0.217576441539 
0.234278507044 
0.228737603137 
0.245313236446 
0.2507893784 
0.245076756692 
0.239361177993 
0.244651344692 
0.250055689203 
0.227611683425 
0.188623920855 
0.155115324921 
0.149583688061 
0.154908811793 
0.15474241684 
0.104934540818 
0.0772139379836 
0.0385162519899 
-0.0439255182116 
-0.0987925847986 
-0.175458234062 
-0.235453481146 
-0.284517022081 
-0.311720311292 
-0.323590150553 
-0.333271860346 
-0.382552215532 
-0.39329421439 
-0.422633301835 
-0.43450233195 
-0.454309317525 
-0.479148262623 
-0.488370807057 
-0.513186704804 
-0.523546861055 
-0.53678621606 
-0.544780793655 
-0.564120466243 
-0.567084188451 
-0.578436644139 
-0.58731606962 
-0.57816241454 
-0.580313697337 
-0.578911277831 
-0.560187435539 
-0.567715583283 
-0.568163100184 
-0.563781872766 
-0.560039242617 
-0.552734304508 
-0.538659692087 
-0.535062882202 
-0.533169098001 
-0.518298062366 
-0.506408364849 
-0.50217849463 
-0.497149583439 
-0.49714153345 
-0.489319275659 
-0.497486534156 
-0.494278880264 
-0.489049350961 
-0.492255277195 
-0.506820284629 
-0.510397522469 
-0.51477591982 
-0.521468885726 
-0.523070354838 
-0.512082521526 
-0.511656951081 
-0.513381151286 
-0.509476506217 
-0.500913022985 
-0.495541407928 
-0.484674016865 
-0.468958683857 
-0.464423967653 
-0.438587587302 
-0.428895954122 
-0.416301675933 
-0.393531796231 
-0.376229228062 
-0.368884371628 
-0.350810323183 
-0.323596598044 
-0.297061322335 
-0.267141206706 
-0.23701602066 
-0.206904765252 
-0.151577840461 
-0.0859063186838 
-0.0303037860019 
0.0201890511525 
0.0706340682584 
0.100853505245 
0.0907509156938 
0.0806676992623 
0.115995118391 
0.156343357358 
0.196583330291 
0.216585876332 
0.241614820922 
0.261730765276 
0.271830945728 
0.286967610176 
0.292609941117 
0.298230058422 
0.298444042813 
0.299453690619 
0.300432277402 
0.306165845678 
0.306945688118 
0.292339746011 
0.29254457922 
0.282748306626 
0.236851719716 
0.185946580453 
0.13963075508 
0.113884619407 
0.0984904324093 
0.0778408998114 
0.0467496413702 
0.0208187053349 
-0.00521662416247 
-0.0365584978851 
-0.0836597584708 
-0.151895521894 
-0.18898552182 
-0.215731465249 
-0.232189175668 
-0.274931769453 
-0.3 
-0.3 
-0.308557938389 
-0.310531930929 
-0.312790822266 
-0.327341702213 
-0.351871799995 
-0.348092307386 
-0.359958754485 
-0.361259227551 
-0.355364847654 
-0.347540963539 
-0.356881805925 
-0.363154637632 
-0.366919012411 
-0.361116241045 
-0.350714766141 
-0.352735013787 
-0.342636621658 
-0.301369657973 
-0.314242466137 
-0.300938146844 
-0.290661945834 
-0.197912235049 
-0.154175871547 
-0.0827062430275 
0.0993581422964 
0.572902545783 
1.12639976448 
-0.292292923159 
0.022073642427 
-0.416783261155 
-0.380056361334 
-1.38166361125 
-0.861544532482 
-0.592371391776 
-0.3 
-0.17462395971 
-0.0654821263067 
-0.212558412686 
-0.234501933842 
-0.245710940889 
-0.19140809596 
-0.186134481122 
-0.170424901958 
-0.0990966837893 
-0.0440831551582 
-0.00551633261904 
7.99881635745e-47 
-1.08835622193e-75 
5.66911592487e-107 
0.0275962656809 
0.038683391526 
0.0387042514471 
0.0553096589953 
0.0553244728338 
0.0386876234467 
-0.00552391336056 
-0.0110429103085 
1.59988688686e-46 
-0.0110124564415 
-0.0385111209286 
-0.049403541192 
-0.0438635410096 
-0.0547666000615 
-0.0874011872102 
-0.125507412363 
-0.125394659082 
-0.1469155985 
-0.168514617989 
-0.195220714313 
-0.205787407334 
-0.183894451801 
-0.21618297829 
-0.210844168178 
-0.205485540722 
-0.21088585135 
-0.200164945689 
-0.200164945689 
-0.200162032358 
-0.194786852242 
-0.173237495929 
-0.178631309561 
-0.156985212301 
-0.167797017293 
-0.189431625954 
-0.140828813035 
-0.140870737204 
-0.173325743025 
-0.189616904453 
-0.195196875765 
-0.184480990834 
-0.173869196963 
-0.163061168051 
-0.135939275097 
-0.11967912392 
-0.1141609763 
-0.130342311683 
-0.0813656539983 
-0.0650179256379 
-0.0433143758822 
-0.054146009446 
-0.059570786241 
-0.0703811115823 
-0.0703788151782 
-0.0865137030754 
-0.0917479811663 
-0.0969779563625 
-0.080659513809 
-0.0967192192861 
-0.0857710495208 
-0.0801932425789 
-0.0907453374523 
-0.090566530517 
-0.0851284858423 
-0.0797301101718 
-0.0636912847386 
-0.0689802173711 
-0.0688796786875 
-0.0635803096015 
-0.0583069512949 
-0.0530557810672 
-0.0424612137516 
-0.0372075976357 
-0.0213001596945 
-0.0266353647926 
-0.01598604914 
-0.0106546469406 
-0.00532827694865 
-0.0479441928495 
-0.0638989585592 
-0.0745639683744 
-0.0800283537206 
-0.112195400758 
-0.112287205116 
-0.11768980791 
-0.139141933196 
-0.13909082572 
-0.139000560426 
-0.160289700312 
-0.144298677372 
-0.096224244573 
-0.0694462520952 
-0.037365126099 
-0.0426589564418 
-0.0426540887557 
-0.0159851845171 
-0.0106457037757 
-0.037201596944 
-0.0424850312506 
-0.0265433132761 
-0.0371449199699 
-0.0477596570113 
-0.0795983632772 
-0.0689721079335 
-0.0636228901781 
-0.0688882824776 
-0.0370928847596 
-0.0424057789807 
-0.0371042706428 
-0.0265046512615 
-0.0636603809446 
-0.0690896603885 
-0.0265935310566 
-0.00532437414822 
-0.0106550744276 
-0.00532886689852 
-0.0479585233528 
-0.0213135432101 
-0.0159848929498 
-0.0106582208069 
0.00532946797033 
0.00532915346859 
-7.69179921616e-47 
0.00533427423107 
-0.0160038809504 
-0.0213456760836 
3.09359819561e-46 
0.0213773669511 
0.0107040491835 
0.032123245718 
-4.65710541381e-46 
-0.0107291006807 
-0.0107324520857 
-0.00536811128647 
0.0161138561194 
0.0215055055072 
0.0215261409868 
0.0431209000123 
0.0215699785821 
-0.0107940356156 
1.55738992797e-46 
-2.12703233605e-75 
0.0162594810094 
0.0488092400862 
0.0488621688744 
0.0217510803972 
0.0108773690042 
0.0163257133072 
-0.005445375046 
-0.00544779416818 
-0.0218404502885 
0.00546630894768 
0.005475172979 
-0.0219239239953 
-0.010969594726 
-0.0274410396451 
-0.0329671441624 
-0.0494911192473 
-0.0660405272882 
-0.0661723383475 
-0.0497186934458 
-0.038701713185 
-0.0442486213013 
-0.0443278581339 
-0.0720767635086 
-0.0833203173248 
-0.100241768865 
-0.0501579948107 
-0.0278908477255 
-0.0390510152213 
-0.0613660519728 
-0.0613486381203 
-0.0390191434807 
-0.039005581876 
-0.0389986768796 
-0.0779780757375 
-0.105689027526 
-0.111139704676 
-0.122258448698 
-0.127829486051 
-0.116695038149 
-0.122245270273 
-0.138906435981 
-0.138886417785 
-0.127715469421 
-0.122129696807 
-0.133159465251 
-0.127511449203 
-0.138570484834 
-0.12745111604 
-0.154979582798 
-0.166030402034 
-0.13283487093 
-0.132766706811 
-0.149146532837 
-0.15458136646 
-0.115884207461 
-0.121241980835 
-0.115681094997 
-0.11007318359 
-0.0879502092851 
-0.0933631079369 
-0.0933064563012 
-0.0438910688106 
-0.0547835317494 
-0.0547145177578 
-0.0546817067606 
-0.0218535637473 
-0.00545844012161 
-0.00545332793907 
-0.0163489578897 
-0.00544067584923 
7.92392883123e-47 
0.0108810189797 
0.010875542294 
0.0108656974373 
-0.00543423224103 
-0.0163024147412 
-0.0271765978358 
-0.0271928783711 
-0.038061207063 
-0.0326273459512 
4.70922432565e-46 
0.0163032678694 
0.01086690477 
-0.0271637670996 
-0.0325776329477 
-0.0108503559014 
-0.0325122579567 
-0.0756739590975 
-0.0808788188865 
-0.0484622821872 
-0.037634878172 
-0.0267483952997 
-0.0266817776643 
-0.026584894378 
-0.0159064402614 
2.30258679774e-46 
-0.00527447937711 
7.63961348519e-47 
0.0105123098696 
0.0157455152558 
0.0157346767733 
-0.00524338416323 
-0.0314606279934 
-0.041952151651 
-0.0734108491993 
-0.11529500787 
-0.141448767325 
-0.172855752082 
-0.183464889137 
-0.157308713261 
-0.162612210153 
-0.173053115146 
-0.178295370363 
-0.162612273577 
-0.152153219306 
-0.125960522768 
-0.110139125439 
-0.0892054230454 
-0.0630321299342 
-0.0473194525462 
-0.0631812618902 
-0.115895637969 
-0.105479999607 
-0.084422183198 
-0.0739172617946 
-0.0580867488988 
-0.0422251692519 
-0.0263767965162 
-0.0211016088514 
-0.0158194193634 
-0.0316349962913 
-0.0368795934262 
-0.0316088777861 
-0.0315965206486 
-0.0421051301732 
-0.0473238813413 
-0.0419817907768 
-0.0261813318836 
-0.0365984636504 
-0.0208666461252 
-0.0208587817799 
-0.0416812583457 
-0.0416316701715 
-0.0519940416896 
-0.0415678551439 
-0.0363018962001 
-0.0414052755805 
-0.0413392556921 
-0.0309638676755 
-0.0309483931278 
-0.0309548187728 
-0.0206338003485 
-0.0257890205501 
-0.0154646226776 
-0.0154557931501 
0.00515031499971 
0.0154360090401 
0.0462446945521 
0.0821561353976 
0.0973351501003 
0.0921102055203 
0.0562130393062 
0.0459764020127 
0.0255113687597 
0.0101914244681 
0.0101830734976 
0.0152699659436 
-0.0305375077763 
-0.0407231549887 
-0.0254562093739 
0.0101853450454 
-1.47871709873e-46 
2.01039029535e-75 
0.0306247530613 
0.0255516642042 
0.0102360718608 
-1.48571974227e-46 
0.00512100042966 
-0.0102412565636 
-0.0256050115685 
-0.0153640020534 
-0.0102448232159 
-0.0153777266677 
-0.0205122138684 
-0.0205280757761 
-0.0102652041154 
-0.0102664377685 
-0.0410596686604 
-0.03595314637 
-0.0462689987493 
-0.0359912838752 
-0.0462809532257 
-0.0462845308542 
-0.0976963638521 
-0.107974395621 
-0.0925408076083 
-0.118223105015 
-0.118261394507 
-0.123400236067 
-0.133661608775 
-0.113117604112 
-0.123372945242 
-0.154256560247 
-0.14922210622 
-0.139141549644 
-0.154782434927 
-0.154836480489 
-0.144734668823 
-0.165537417965 
-0.170804284176 
-0.134622104198 
-0.129462432288 
-0.12954668788 
-0.108898907123 
-0.0882915939458 
-0.0986986474314 
-0.0935531053453 
-0.0780077797373 
-0.0728822437449 
-0.0833943405463 
-0.109490636879 
-0.094073703363 
-0.0787650474332 
-0.0526437977908 
-0.0422671069832 
-0.063589575354 
-0.0531125093599 
-0.037323392418 
-0.0213737848142 
-0.00535646252438 
-0.0107391208428 
-0.0322609232684 
-0.0484745848414 
-0.0647839405953 
-0.0810822545397 
-0.0974785812473 
-0.108303686737 
-0.119160505345 
-0.124638173182 
-0.130112153691 
-0.130379324607 
-0.119683317874 
-0.119858107295 
-0.120075121719 
-0.114719667558 
-0.109415720765 
-0.109749524579 
-0.104462637734 
-0.0990665855831 
-0.093581273945 
-0.0825159279064 
-0.0714693056349 
-0.0659753582454 
-0.0549825822176 
-0.0440077404619 
-0.027529213766 
-0.0165328988388 
-0.0110340965062 
1.58656649573e-46 
0.00551671988159 
0.00551858720465 
-0.0331280271296 
-0.082832249093 
-0.0717579040427 
-0.0606353697555 
-0.0330377552339 
-0.0330346960818 
-0.0330290476146 
-0.0495378834643 
-0.0385117831277 
-0.043965066187 
-0.0604137105954 
-0.104146365362 
-0.0820963779262 
-0.0545967301952 
-0.0327413395908 
4.73502986893e-46 
0.0163112430671 
0.0217289416818 
-0.0217097253945 
-0.0162791694314 
0.00542024220187 
0.0162298356033 
0.0377999898023 
0.0485073044516 
-6.98246416688e-46 
-0.0322511469703 
-0.0268296369209 
3.86050125579e-46 
0.0214312639567 
-0.0160272560551 
-0.0426766932852 
-0.0479585575829 
-0.0318777960619 
-0.0159333278616 
2.31150714996e-46 
0.0211699859861 
0.0370114914185 
0.0527991518912 
0.0632611347893 
0.0737320701901 
0.0789620538391 
0.0841994389272 
0.0894274516422 
0.0946480130331 
0.0997352935735 
0.0995752340797 
0.0994904860356 
0.0942407282326 
0.0889785339365 
0.0836675376043 
0.0888776125699 
0.0784006432048 
0.0731686567308 
0.0679568478132 
0.0470493244096 
0.0366081204114 
0.00523014906496 
-0.0104552551929 
-0.0522336838018 
-0.0835593780629 
-0.0991989609096 
-0.104397743838 
-0.146149596347 
-0.17272499096 
-0.162405686638 
-0.141770036984 
-0.142014975467 
-0.147590000471 
-0.147684929046 
-0.147833709167 
-0.190029438694 
-0.216454241478 
-0.20607342095 
-0.200959163882 
-0.216888190382 
-0.190733604145 
-0.180276676731 
-0.191089251039 
-0.196499524488 
-0.180438552493 
-0.153775497738 
-0.169637295222 
-0.132662187905 
-0.122139381427 
-0.100941647152 
-0.111510441466 
-0.079584889562 
-0.0370996697992 
-0.0582201276448 
-0.0105790568667 
0.00528106042654 
-7.59075200534e-47 
0.0474363893721 
0.0368678103453 
0.0421125917914 
0.0525732821491 
0.0472504505727 
0.0577250087953 
0.0262071559642 
0.0104748641978 
0.0104596685499 
0.0208876900236 
0.0365282907136 
0.0260844469591 
0.0104358377927 
0.00521651723676 
0.0208509055657 
0.0156220128957 
0.0104130674646 
0.00520484379718 
0.00520315895538 
0.0416067190208 
0.0312000419562 
0.0207926736969 
0.0103887101874 
-1.49668810045e-46 
-0.00519104658327 
0.00518905043407 
0.0259435916912 
0.0259356662673 
0.0362942206562 
0.0207477975806 
0.031130039358 
0.0155868361901 
0.0259865958363 
0.0519843474549 
0.0311954089349 
0.0624368267684 
0.0676384091575 
0.0676485967679 
0.0624587203385 
0.036446681599 
0.0208296063451 
0.0104197409908 
-0.00521325123009 
-0.0208578768537 
-0.0260810711997 
-0.0260810711997 
