-0.04 
-0.04 
-0.04 
-0.045 
-0.0175 
-0.0275 
-0.025 
-0.0275 
-0.0225 
-0.02 
-0.015 
-0.01 
-0.0075 
-0.005 
0.0 
0.0025 
0.005 
0.01 
0.015 
0.0175 
0.02 
0.0225 
0.0225 
0.025 
0.03 
0.03 
0.035 
0.035 
0.0375 
0.0375 
0.0375 
0.0375 
0.0375 
0.04 
0.04 
0.0375 
0.0375 
0.0375 
0.0375 
0.035 
0.04 
0.055 
0.0725 
0.075 
0.065 
0.0575 
0.0475 
0.0525 
0.0525 
0.0525 
0.0475 
0.0425 
0.0525 
0.0675 
0.07 
0.06 
0.045 
0.03 
0.0175 
0.005 
0.005 
0.0175 
0.0175 
0.01 
-0.0025 
-0.015 
-0.0275 
-0.0325 
-0.015 
-0.005 
-0.0025 
-0.015 
-0.0275 
-0.0325 
-0.0075 
0.0025 
-0.0025 
-0.0125 
-0.0275 
-0.0375 
-0.045 
-0.05 
-0.0525 
-0.055 
-0.0575 
-0.0625 
-0.065 
-0.0675 
-0.07 
-0.07 
-0.0675 
-0.0675 
-0.0625 
-0.06 
-0.0575 
-0.055 
-0.0525 
-0.035 
-0.0325 
-0.0175 
0.0 
0.02 
0.0325 
0.0425 
0.0525 
0.07 
0.065 
0.0625 
0.0575 
0.06 
0.06 
0.0675 
0.085 
0.09 
0.0875 
0.0925 
0.0975 
0.09 
0.08 
0.085 
0.0875 
0.08 
0.0725 
0.075 
0.06 
0.055 
0.05 
0.0425 
0.045 
0.04 
0.02 
0.0175 
0.02 
0.0 
-0.005 
-0.015 
-0.03 
-0.0225 
-0.0225 
-0.0225 
-0.025 
-0.01 
-0.005 
0.0075 
-0.005 
-0.0025 
-0.0025 
0.0025 
0.005 
0.01 
0.0025 
0.0075 
0.01 
0.01 
0.015 
0.0025 
0.005 
0.01 
0.02 
0.02 
0.0225 
0.0175 
0.0075 
0.005 
0.01 
0.0075 
0.0075 
0.0125 
0.0075 
-0.005 
0.0 
-0.0125 
-0.0125 
-0.0125 
0.0 
0.0075 
0.01 
0.0175 
0.0225 
0.025 
0.03 
0.0425 
0.0525 
0.05 
0.0575 
0.0625 
0.065 
0.0625 
0.075 
0.075 
0.0725 
0.0825 
0.085 
0.1 
0.1025 
0.11 
0.1125 
0.1075 
0.105 
0.095 
0.0975 
0.1 
0.1 
0.0975 
0.095 
0.095 
0.0925 
0.1025 
0.1 
0.1025 
0.0975 
0.0925 
0.0875 
0.0925 
0.095 
0.095 
0.09 
0.0975 
0.0825 
0.0825 
0.075 
0.075 
0.0725 
0.065 
0.0625 
0.06 
0.0525 
0.06 
0.0575 
0.05 
0.0625 
0.0375 
0.0475 
0.05 
0.045 
0.0525 
0.065 
0.05 
0.0125 
0.0125 
0.005 
0.0225 
0.0375 
-0.0175 
0.0075 
0.015 
0.0375 
0.05 
0.05 
0.0825 
0.0925 
0.1 
0.095 
0.0925 
0.1025 
0.105 
0.1075 
0.0975 
0.095 
0.0825 
0.085 
0.0825 
0.0775 
0.065 
0.0725 
0.065 
0.07 
0.07 
0.06 
0.0475 
0.0425 
0.0425 
0.0525 
0.0525 
0.0675 
0.08 
0.09 
0.0975 
0.1025 
0.1025 
0.1025 
0.1 
0.095 
0.0925 
0.09 
0.09 
0.085 
0.0775 
0.07 
0.06 
0.0525 
0.0475 
0.04 
0.0275 
0.02 
0.01 
0.0 
-0.0075 
-0.0125 
-0.0425 
-0.0575 
-0.0675 
-0.095 
-0.1 
-0.0975 
-0.105 
-0.0975 
-0.09 
-0.085 
-0.08 
-0.075 
-0.0675 
-0.06 
-0.05 
-0.04 
-0.03 
-0.0175 
-0.015 
-0.0125 
-0.005 
0.0 
0.0025 
0.0075 
0.0125 
0.015 
0.015 
0.02 
0.0225 
0.025 
0.025 
0.0 
-0.0025 
-0.01 
-0.0175 
-0.015 
-0.0125 
-0.01 
-0.0075 
-0.005 
-0.005 
-0.005 
-0.005 
-0.005 
-0.0025 
0.0 
0.0 
0.0 
0.0 
0.0 
0.0 
0.0 
0.0 
0.0 
-0.0025 
-0.005 
-0.005 
-0.0075 
-0.01 
-0.0125 
-0.0125 
-0.0175 
-0.02 
-0.02 
-0.0225 
-0.025 
-0.0275 
-0.0275 
-0.0275 
-0.03 
-0.03 
-0.03 
-0.0325 
-0.0325 
-0.0325 
-0.03 
-0.0275 
-0.025 
-0.0225 
-0.0225 
-0.02 
-0.02 
-0.02 
-0.0175 
-0.0075 
0.0075 
0.0175 
0.03 
0.035 
0.0325 
0.0275 
0.025 
0.02 
0.015 
0.0125 
0.0075 
0.005 
0.0 
-0.0025 
-0.005 
-0.005 
-0.0075 
-0.0075 
-0.01 
-0.01 
-0.01 
-0.0125 
-0.015 
-0.0075 
0.005 
0.0125 
0.0125 
0.0075 
0.005 
0.0025 
0.0 
0.0 
0.0075 
0.02 
0.0275 
0.0375 
0.045 
0.0475 
0.0575 
0.07 
0.075 
0.0675 
0.0625 
0.0625 
0.07 
0.0875 
0.095 
0.12 
0.1775 
0.21 
0.23 
0.255 
0.2725 
0.2825 
0.3025 
0.3075 
0.305 
0.295 
0.285 
0.27 
0.2725 
0.275 
0.2725 
0.275 
0.28 
0.2675 
0.2525 
0.2475 
0.2475 
0.2375 
0.2225 
0.17 
0.15 
0.155 
0.1425 
0.14 
0.1675 
0.195 
0.2175 
0.22 
0.2225 
0.24 
0.25 
0.25 
0.235 
0.2425 
0.245 
0.25 
0.2625 
0.275 
0.2825 
0.28 
0.28 
0.275 
0.27 
0.2625 
0.255 
0.2225 
0.1875 
0.19 
0.1925 
0.1825 
0.165 
0.155 
0.14 
0.115 
0.09 
0.075 
0.0575 
0.02 
-0.0025 
-0.01 
-0.0175 
-0.0275 
-0.0325 
-0.03 
-0.0025 
0.0025 
0.0 
0.015 
0.0175 
0.01 
0.015 
0.035 
0.045 
0.0625 
0.07 
0.08 
0.0925 
0.115 
0.1275 
0.135 
0.1425 
0.15 
0.1625 
0.17 
0.1725 
0.18 
0.19 
0.2025 
0.2075 
0.195 
0.19 
0.19 
0.185 
0.185 
0.175 
0.1725 
0.17 
0.1675 
0.1675 
0.165 
0.1525 
0.1375 
0.1275 
0.1175 
0.11 
0.1025 
0.0925 
0.0875 
0.075 
0.065 
0.06 
0.0675 
0.0575 
0.045 
0.03 
0.0225 
0.0225 
0.0225 
0.03 
0.03 
0.035 
0.0325 
0.04 
0.0425 
0.045 
0.0375 
0.035 
0.04 
0.0375 
0.0375 
0.035 
0.035 
0.0325 
0.03 
0.03 
0.03 
0.03 
0.0275 
0.025 
0.02 
0.0175 
0.0075 
0.0075 
0.005 
0.0 
-0.0075 
-0.01 
-0.035 
-0.0425 
-0.055 
-0.0675 
-0.075 
-111.27 
-0.1025 
-0.1425 
-0.17 
-0.03 
-0.0225 
-0.03 
-0.0125 
-0.025 
-0.045 
-0.0325 
-0.0275 
-0.0225 
-0.0325 
0.025 
-0.0125 
0.015 
-0.005 
0.0275 
0.015 
0.02 
0.0325 
0.0375 
0.0325 
0.025 
0.0275 
0.01 
-0.0025 
0.0025 
0.0 
0.0025 
-0.005 
-0.0025 
0.0 
-0.0075 
-0.005 
-0.005 
-0.005 
-0.0125 
-0.0075 
-0.0075 
-0.0075 
-0.0075 
-0.0075 
-0.0075 
-0.0125 
-0.01 
-0.0125 
-0.01 
-0.0125 
-0.0125 
-0.0125 
-0.025 
-0.0425 
-0.0425 
-0.045 
-0.045 
-0.045 
-0.045 
-0.045 
-0.0425 
-0.0375 
-0.045 
-0.06 
-0.0725 
-0.08 
-0.09 
-0.1 
-0.1075 
-0.1025 
-0.095 
-0.0925 
-0.0875 
-0.0875 
-0.095 
-0.1075 
-0.1025 
-0.0925 
-0.095 
-0.095 
-0.1 
-0.1 
-0.11 
-0.1075 
-0.1075 
-0.105 
-0.105 
-0.1025 
-0.1025 
-0.11 
-0.1225 
-0.13 
-0.1425 
-0.145 
-0.1475 
-0.15 
-0.1525 
-0.1475 
-0.1575 
-0.165 
-0.165 
-0.1575 
-0.15 
-0.1425 
-0.1325 
-0.14 
-0.14 
-0.1225 
-0.1125 
-0.0925 
-0.0775 
-0.065 
-0.0625 
-0.0625 
-0.0575 
-0.05 
-0.04 
-0.03 
-0.0275 
-0.0325 
-0.0425 
-0.0275 
-0.02 
-0.01 
-0.0075 
-0.01 
-0.015 
-0.01 
-0.01 
-0.0075 
-0.0025 
-0.0025 
-0.005 
0.0075 
0.015 
0.02 
0.0275 
0.03 
0.0325 
0.0325 
0.0325 
0.0225 
0.015 
0.0 
-0.01 
-0.0125 
-0.01 
-0.0175 
-0.0275 
-0.03 
-0.0275 
-0.04 
-0.0425 
-0.045 
-0.0575 
-0.065 
-0.0875 
-0.105 
-0.1 
-0.0875 
-0.09 
-0.0925 
-0.095 
-0.0875 
-0.0825 
-0.0825 
-0.09 
-0.0875 
-0.0825 
-0.0725 
-0.065 
-0.065 
-0.065 
-0.06 
-0.055 
-0.0475 
-0.045 
-0.05 
-0.055 
-0.05 
-0.0525 
-0.0375 
-0.025 
-0.02 
-0.01 
0.015 
-0.035 
-0.04 
-0.0425 
-0.0275 
-0.0125 
-0.0025 
0.025 
0.055 
0.0275 
0.0225 
0.015 
0.0125 
0.01 
0.0275 
0.0125 
0.005 
-0.0025 
-0.0075 
-0.005 
-0.0025 
-0.0075 
-0.01 
-0.0125 
-0.0175 
-0.0225 
-0.025 
-0.0275 
-0.0275 
-0.03 
-0.03 
-0.0275 
-0.0275 
-0.0275 
-0.0225 
-0.0225 
-0.02 
-0.0175 
-0.0125 
-0.0075 
-0.005 
-0.0025 
-0.0025 
0.0025 
0.0025 
0.005 
0.0025 
-0.0125 
-0.0175 
-0.0325 
-0.0275 
-0.0275 
-0.025 
-0.02 
-0.015 
-0.0175 
-0.0225 
-0.0275 
-0.0275 
-0.04 
-0.0475 
-0.0475 
-0.0525 
-0.055 
-0.0675 
-0.0675 
-0.06 
-0.06 
-0.065 
-0.075 
-0.0725 
-0.085 
-0.09 
-0.0975 
-0.1075 
-0.125 
-0.13 
-0.135 
-0.1375 
-0.13 
-0.1325 
-0.1425 
-0.1475 
-0.1525 
-0.155 
-0.1525 
-0.145 
-0.125 
-0.1225 
-0.125 
-0.1225 
-0.1225 
-0.12 
-0.1125 
-0.11 
-0.1125 
-0.1075 
-0.105 
-0.105 
-0.105 
-0.1 
-0.0975 
-0.0875 
-0.08 
-0.075 
-0.0675 
-0.0525 
-0.04 
-0.0425 
-0.0375 
-0.0275 
-0.0275 
-0.0225 
-0.0175 
-0.015 
-0.025 
-0.0225 
-0.0225 
-0.025 
-0.015 
-0.0075 
-0.015 
-0.0125 
-0.015 
-0.02 
-0.0275 
-0.0275 
-0.0225 
-0.025 
-0.015 
-0.015 
-0.0275 
-0.0375 
-0.0675 
-0.085 
-0.0825 
-0.09 
-0.1075 
-0.13 
-0.145 
-0.155 
-0.1625 
-0.1725 
-0.175 
-0.18 
-0.1775 
-0.1775 
-0.175 
-0.1725 
-0.17 
-0.165 
-0.155 
-0.155 
-0.1575 
-0.17 
-0.165 
-0.15 
-0.135 
-0.125 
-0.12 
-0.1125 
-0.1 
-0.085 
-0.0675 
-0.055 
-0.0425 
-0.03 
-0.025 
-0.0125 
0.0 
0.005 
0.0125 
0.015 
0.0125 
0.01 
0.0125 
0.0225 
0.03 
0.0375 
0.0425 
0.05 
0.0525 
0.055 
0.055 
0.06 
0.04 
0.02 
0.02 
0.025 
0.025 
0.0125 
0.0025 
-0.0025 
-0.0075 
-0.015 
-0.0075 
0.0025 
0.01 
0.015 
0.02 
0.0125 
-0.015 
-0.0125 
-0.0075 
0.0025 
0.0025 
0.0 
-0.0025 
0.0075 
0.0125 
-0.005 
-0.0175 
-0.0125 
0.0025 
0.0175 
0.0275 
0.035 
0.0275 
0.01 
0.0 
0.0025 
0.0 
-0.005 
-0.0125 
-0.035 
-0.0475 
-0.055 
-0.0725 
-0.0825 
-0.0975 
-0.105 
-0.1025 
-0.11 
-0.1125 
-0.11 
-0.1075 
-0.11 
-0.1125 
-0.1025 
-0.085 
-0.07 
-0.0675 
-0.07 
-0.07 
-0.0475 
-0.035 
-0.0175 
0.02 
0.045 
0.08 
0.1075 
0.13 
0.165 
0.1775 
0.1875 
0.2375 
0.25 
0.28 
0.2925 
0.3125 
0.3375 
0.3475 
0.3725 
0.3825 
0.395 
0.4025 
0.4225 
0.425 
0.435 
0.4425 
0.4325 
0.4325 
0.43 
0.41 
0.415 
0.415 
0.41 
0.405 
0.3975 
0.3825 
0.3775 
0.375 
0.36 
0.3475 
0.3425 
0.3375 
0.3375 
0.33 
0.3375 
0.335 
0.33 
0.3325 
0.3475 
0.3525 
0.3575 
0.365 
0.3675 
0.3575 
0.3575 
0.36 
0.3575 
0.35 
0.345 
0.335 
0.32 
0.315 
0.29 
0.28 
0.2675 
0.245 
0.2275 
0.22 
0.2025 
0.175 
0.1475 
0.1325 
0.1175 
0.1025 
0.075 
0.0425 
0.015 
-0.01 
-0.035 
-0.05 
-0.045 
-0.04 
-0.0575 
-0.0775 
-0.0975 
-0.1075 
-0.12 
-0.13 
-0.135 
-0.1425 
-0.145 
-0.1475 
-0.1475 
-0.1475 
-0.1475 
-0.15 
-0.15 
-0.1425 
-0.1425 
-0.1375 
-0.115 
-0.09 
-0.0675 
-0.055 
-0.0475 
-0.0375 
-0.0225 
-0.01 
0.0025 
0.0175 
0.04 
0.0725 
0.09 
0.1025 
0.11 
0.13 
0.145 
0.145 
0.155 
0.1575 
0.16 
0.175 
0.2 
0.1975 
0.21 
0.2125 
0.2075 
0.2 
0.21 
0.2175 
0.2225 
0.2175 
0.2075 
0.21 
0.2 
0.1575 
0.17 
0.1575 
0.1325 
0.09 
0.07 
0.0375 
-0.045 
-0.4125 
-0.875 
0.1325 
-0.01 
0.26 
0.245 
1.3075 
0.8825 
0.5175 
0.17 
0.08 
0.03 
0.0975 
0.1075 
0.1125 
0.0875 
0.085 
0.0775 
0.045 
0.02 
0.0025 
0.0 
0.0 
0.0 
-0.0125 
-0.0175 
-0.0175 
-0.025 
-0.025 
-0.0175 
0.0025 
0.005 
0.0 
0.005 
0.0175 
0.0225 
0.02 
0.025 
0.04 
0.0575 
0.0575 
0.0675 
0.0775 
0.09 
0.095 
0.085 
0.1 
0.0975 
0.095 
0.0975 
0.0925 
0.0925 
0.0925 
0.09 
0.08 
0.0825 
0.0725 
0.0775 
0.0875 
0.065 
0.065 
0.08 
0.0875 
0.09 
0.085 
0.08 
0.075 
0.0625 
0.055 
0.0525 
0.06 
0.0375 
0.03 
0.02 
0.025 
0.0275 
0.0325 
0.0325 
0.04 
0.0425 
0.045 
0.0375 
0.045 
0.04 
0.0375 
0.0425 
0.0425 
0.04 
0.0375 
0.03 
0.0325 
0.0325 
0.03 
0.0275 
0.025 
0.02 
0.0175 
0.01 
0.0125 
0.0075 
0.005 
0.0025 
0.0225 
0.03 
0.035 
0.0375 
0.0525 
0.0525 
0.055 
0.065 
0.065 
0.065 
0.075 
0.0675 
0.045 
0.0325 
0.0175 
0.02 
0.02 
0.0075 
0.005 
0.0175 
0.02 
0.0125 
0.0175 
0.0225 
0.0375 
0.0325 
0.03 
0.0325 
0.0175 
0.02 
0.0175 
0.0125 
0.03 
0.0325 
0.0125 
0.0025 
0.005 
0.0025 
0.0225 
0.01 
0.0075 
0.005 
-0.0025 
-0.0025 
0.0 
-0.0025 
0.0075 
0.01 
0.0 
-0.01 
-0.005 
-0.015 
0.0 
0.005 
0.005 
0.0025 
-0.0075 
-0.01 
-0.01 
-0.02 
-0.01 
0.005 
0.0 
0.0 
-0.0075 
-0.0225 
-0.0225 
-0.01 
-0.005 
-0.0075 
0.0025 
0.0025 
0.01 
-0.0025 
-0.0025 
0.01 
0.005 
0.0125 
0.015 
0.0225 
0.03 
0.03 
0.0225 
0.0175 
0.02 
0.02 
0.0325 
0.0375 
0.045 
0.0225 
0.0125 
0.0175 
0.0275 
0.0275 
0.0175 
0.0175 
0.0175 
0.035 
0.0475 
0.05 
0.055 
0.0575 
0.0525 
0.055 
0.0625 
0.0625 
0.0575 
0.055 
0.06 
0.0575 
0.0625 
0.0575 
0.07 
0.075 
0.06 
0.06 
0.0675 
0.07 
0.0525 
0.055 
0.0525 
0.05 
0.04 
0.0425 
0.0425 
0.02 
0.025 
0.025 
0.025 
0.01 
0.0025 
0.0025 
0.0075 
0.0025 
0.0 
-0.005 
-0.005 
-0.005 
0.0025 
0.0075 
0.0125 
0.0125 
0.0175 
0.015 
0.0 
-0.0075 
-0.005 
0.0125 
0.015 
0.005 
0.015 
0.035 
0.0375 
0.0225 
0.0175 
0.0125 
0.0125 
0.0125 
0.0075 
0.0 
0.0025 
0.0 
-0.005 
-0.0075 
-0.0075 
0.0025 
0.015 
0.02 
0.035 
0.055 
0.0675 
0.0825 
0.0875 
0.075 
0.0775 
0.0825 
0.085 
0.0775 
0.0725 
0.06 
0.0525 
0.0425 
0.03 
0.0225 
0.03 
0.055 
0.05 
0.04 
0.035 
0.0275 
0.02 
0.0125 
0.01 
0.0075 
0.015 
0.0175 
0.015 
0.015 
0.02 
0.0225 
0.02 
0.0125 
0.0175 
0.01 
0.01 
0.02 
0.02 
0.025 
0.02 
0.0175 
0.02 
0.02 
0.015 
0.015 
0.015 
0.01 
0.0125 
0.0075 
0.0075 
-0.0025 
-0.0075 
-0.0225 
-0.04 
-0.0475 
-0.045 
-0.0275 
-0.0225 
-0.0125 
-0.005 
-0.005 
-0.0075 
0.015 
0.02 
0.0125 
-0.005 
0.0 
0.0 
-0.015 
-0.0125 
-0.005 
0.0 
-0.0025 
0.005 
0.0125 
0.0075 
0.005 
0.0075 
0.01 
0.01 
0.005 
0.005 
0.02 
0.0175 
0.0225 
0.0175 
0.0225 
0.0225 
0.0475 
0.0525 
0.045 
0.0575 
0.0575 
0.06 
0.065 
0.055 
0.06 
0.075 
0.0725 
0.0675 
0.075 
0.075 
0.07 
0.08 
0.0825 
0.065 
0.0625 
0.0625 
0.0525 
0.0425 
0.0475 
0.045 
0.0375 
0.035 
0.04 
0.0525 
0.045 
0.0375 
0.025 
0.02 
0.03 
0.025 
0.0175 
0.01 
0.0025 
0.005 
0.015 
0.0225 
0.03 
0.0375 
0.045 
0.05 
0.055 
0.0575 
0.06 
0.06 
0.055 
0.055 
0.055 
0.0525 
0.05 
0.05 
0.0475 
0.045 
0.0425 
0.0375 
0.0325 
0.03 
0.025 
0.02 
0.0125 
0.0075 
0.005 
0.0 
-0.0025 
-0.0025 
0.015 
0.0375 
0.0325 
0.0275 
0.015 
0.015 
0.015 
0.0225 
0.0175 
0.02 
0.0275 
0.0475 
0.0375 
0.025 
0.015 
0.0 
-0.0075 
-0.01 
0.01 
0.0075 
-0.0025 
-0.0075 
-0.0175 
-0.0225 
0.0 
0.015 
0.0125 
0.0 
-0.01 
0.0075 
0.02 
0.0225 
0.015 
0.0075 
0.0 
-0.01 
-0.0175 
-0.025 
-0.03 
-0.035 
-0.0375 
-0.04 
-0.0425 
-0.045 
-0.0475 
-0.0475 
-0.0475 
-0.045 
-0.0425 
-0.04 
-0.0425 
-0.0375 
-0.035 
-0.0325 
-0.0225 
-0.0175 
-0.0025 
0.005 
0.025 
0.04 
0.0475 
0.05 
0.07 
0.0825 
0.0775 
0.0675 
0.0675 
0.07 
0.07 
0.07 
0.09 
0.1025 
0.0975 
0.095 
0.1025 
0.09 
0.085 
0.09 
0.0925 
0.085 
0.0725 
0.08 
0.0625 
0.0575 
0.0475 
0.0525 
0.0375 
0.0175 
0.0275 
0.005 
-0.0025 
0.0 
-0.0225 
-0.0175 
-0.02 
-0.025 
-0.0225 
-0.0275 
-0.0125 
-0.005 
-0.005 
-0.01 
-0.0175 
-0.0125 
-0.005 
-0.0025 
-0.01 
-0.0075 
-0.005 
-0.0025 
-0.0025 
-0.02 
-0.015 
-0.01 
-0.005 
0.0 
0.0025 
-0.0025 
-0.0125 
-0.0125 
-0.0175 
-0.01 
-0.015 
-0.0075 
-0.0125 
-0.025 
-0.015 
-0.03 
-0.0325 
-0.0325 
-0.03 
-0.0175 
-0.01 
-0.005 
0.0025 
0.01 
0.0125 
0.0125 
