-0.187543329184 
-0.187973089335 
-0.190000512858 
-0.19202187435 
-0.172249167617 
-0.13461053031 
-0.103010115802 
-0.0713285474195 
-0.0565727382404 
-0.0345969990113 
-0.0217340965564 
-0.0108402705629 
0.00179707874509 
0.0089581759102 
0.0196899829405 
0.0285671664842 
0.0356298150516 
0.0390860233297 
0.0443529326315 
0.0496423093867 
0.0513308600677 
0.0530477835793 
0.0529436898615 
0.0528759678228 
0.0528198509458 
0.0509814712165 
0.0509655578902 
0.0509335010188 
0.0491067649761 
0.0473045054624 
0.0490106379745 
0.045492290752 
0.0436967021846 
0.0419319355981 
0.0401727199936 
0.0384222564076 
0.0366837022417 
0.0349327283779 
0.033186280554 
0.0296965242494 
0.0279702299145 
0.0262235523151 
0.0227283752426 
0.0209820474741 
0.0174916188014 
0.0174924926463 
0.0157432687802 
0.0139887277477 
0.0122375965682 
0.0104846121449 
0.00698661142094 
0.005237042082 
0.00523159078747 
0.00348617569778 
0.00174191953196 
0.0 
0.0 
0.0034784663612 
0.0104308809569 
0.0191195274127 
0.0260566349793 
0.0243091102064 
0.0190900703848 
0.0121495441547 
0.00347101393321 
-0.00347245793512 
-0.00868527433836 
-0.0104257050813 
-0.00521354583828 
-0.00868497149141 
-0.010420456675 
-0.0104234691787 
-0.0121577896022 
-0.0156155037772 
-0.0190812604344 
-0.0156087414099 
-0.00693613663309 
-0.00173327942936 
0.00173300628699 
-0.00173165101644 
-0.00864887813501 
-0.0155523431936 
-0.0206811771057 
-0.024117013623 
-0.0275443353276 
-0.0309751267975 
-0.0326725245921 
-0.0343566127865 
-0.0343439611707 
-0.0291652853276 
-0.0239752615333 
-0.0187675277805 
-0.0187675277805 
-0.0153256305518 
-0.0135973301848 
-0.0135727967062 
-0.0152525018622 
-0.0169272697127 
-0.0186018589008 
-0.0202738891494 
-0.0202730416241 
-0.0118406993332 
-0.00846053423787 
-0.00677208417427 
-0.00508146778299 
-0.0033872756356 
0.00169272744831 
0.00169249261518 
0.0 
-0.00338405161704 
-0.00507017123784 
-0.00506880935642 
-0.00168566556414 
0.00168261494547 
0.00504488718092 
0.00839195718208 
0.0134106184 
0.01339235145 
0.0117101255394 
0.0100173765544 
0.00667695427768 
0.00333569438513 
-0.00166506065995 
-0.00332388899754 
-0.00497589174772 
-0.00496712972367 
-0.00330492199275 
-0.00329915717014 
-0.00329685749026 
-0.00493676109909 
-0.00493282117451 
-0.00492859871891 
-0.0032868536756 
-0.00164369043723 
-0.00164387622799 
-0.00164347815635 
-0.00164068253944 
-0.00163793965578 
-0.00163538291883 
0.0 
0.00163270880906 
0.00163254968012 
0.00326612877551 
0.00489868159478 
0.00652536329354 
0.00652532420932 
0.00652629485474 
0.00652770107657 
0.00490124722636 
0.004903630177 
0.00654435201569 
0.00490832798219 
0.00654191403295 
0.00980219255489 
0.0146862343498 
0.0162970650032 
0.0130273640879 
0.0113736191957 
0.0146160554164 
0.0194743834861 
0.0243104797268 
0.0291569249709 
0.0307537413291 
0.0339821121444 
0.0323639359507 
0.0323743916798 
0.030760230147 
0.0339797166236 
0.0372067365982 
0.0387797385513 
0.0338726232855 
0.0290112459603 
0.0241828160322 
0.0225844752288 
0.017744767144 
0.0161433325246 
0.0161572923651 
0.0161648126894 
0.0177816402608 
0.0210153436859 
0.0242489147572 
0.0291076076854 
0.0242904484369 
0.0259409929168 
0.025970824269 
0.0292465066526 
0.0325594277154 
0.0309498442493 
0.0260833788904 
0.0228421331409 
0.0195941222488 
0.0228617000736 
0.0245070340439 
0.0261601114485 
0.0245479000623 
0.0164110805416 
0.0147932925036 
0.0164694709957 
0.0148527072053 
0.00991013972179 
0.00827301207203 
0.00496805969407 
0.00331582745529 
0.00332005107895 
0.00332530489994 
0.0066616153487 
0.00333508434361 
-0.00501388974359 
-0.0100408057555 
-0.0100583859839 
-0.00502994785225 
-0.00670114648291 
-0.0100501074924 
-0.011727612953 
-0.0117308628591 
-0.0133983275514 
-0.0200902361166 
-0.0200806558712 
-0.0167325111354 
-0.0100432003144 
-0.0100465977704 
-0.0100472322916 
-0.0100473004814 
-0.0100517115148 
-0.0100507561045 
0.0 
0.00669715494644 
0.0100493835219 
0.0167607144989 
0.0167694010726 
0.0100663447269 
0.00839117013033 
0.00839939579319 
0.00672394698615 
0.0050491062877 
0.00675084667705 
0.00845422530195 
0.00848890357392 
0.0101994885739 
0.0102331053033 
0.00341679913485 
0.00170982556487 
0.00171323490698 
0.00686680854379 
0.0103159223643 
0.0086056819967 
0.00861403163728 
0.0103434463842 
0.00862159852819 
-0.00172567009412 
0.0 
0.00172944143296 
0.00345911698686 
0.010380210233 
0.0138481901979 
0.0121266224632 
0.0121346081299 
0.0138706793444 
0.0121444445232 
0.00868419396925 
0.0104323917357 
0.0034813610569 
-0.00174191128491 
0.00174451195759 
0.00174466985891 
0.00348976806049 
0.00349104871181 
0.00349035293636 
0.00349011971756 
0.0052344696141 
0.0104682709438 
0.0139471218392 
0.00348326200083 
-0.00522123428663 
-0.00521494727976 
-0.0034763594348 
0.0 
-0.00521669549157 
-0.00869639933992 
-0.00522334749153 
-0.00523180656787 
0.001745117014 
0.00699065902014 
0.00874467752193 
0.0140108218797 
0.0122768510614 
0.0140391058265 
0.0175560364962 
0.0175641329291 
0.0211129908702 
0.0193838430409 
0.0193985241858 
0.0229512318124 
0.0229578617374 
0.0264874290232 
0.0300233898702 
0.0317800029664 
0.0246738095171 
0.0228954228572 
0.0246243692703 
0.0228103767665 
0.0227813466483 
0.024495846978 
0.0209675729609 
0.0174507915307 
0.0209057318379 
0.0243379505763 
0.0190801021679 
0.0138555754947 
0.0190483425879 
0.0207837500458 
0.0207807642439 
0.0224953324162 
0.0293714153958 
0.0310505940167 
0.0327593322643 
0.0345039492583 
0.0345088272674 
0.0362480719135 
0.0328066241984 
0.0293537185675 
0.0276136353477 
0.0206970916606 
0.0189416679032 
0.0206352580492 
0.0223134147172 
0.0256895688203 
0.023948068512 
0.022210361934 
0.0221871354759 
0.0204577788519 
0.0187239668149 
0.0203993170055 
0.0203908125098 
0.0271693298001 
0.0305675688034 
0.028874689662 
0.0288845334451 
0.0339857164143 
0.0356887451975 
0.0322788753195 
0.0288657567828 
0.027119705701 
0.0202903507338 
0.0219543129293 
0.0236238467561 
0.0236040167367 
0.0286529878096 
0.0269513020845 
0.0252415428127 
0.0268974490048 
0.021820613715 
0.021795406911 
0.0200722692421 
0.0167035604007 
0.0116458571724 
0.00997891071094 
0.0116368585678 
0.0116282137119 
0.0116211241868 
0.0116175201489 
0.00995031501712 
0.0115988873393 
0.0115746479914 
0.0132018902361 
0.0148415835758 
0.0164443036241 
0.0147665719401 
0.0114706986633 
0.00980373139895 
0.00978699582123 
0.0114138179239 
0.0113999002122 
0.0130194154655 
0.0146326773181 
0.012993970054 
0.0178489120174 
0.0178299175833 
0.0178125999428 
0.0210307259311 
0.0242533765626 
0.0290976933794 
0.0290992025201 
-0.00161708563587 
-0.00161734191686 
0.00161809451783 
0.00323780512271 
0.0161898423396 
0.0226666828511 
0.0226745010968 
0.0340192544166 
-0.00162298564998 
-0.00649939417076 
0.00162557845773 
0.00162763896948 
0.0146804501951 
0.0163216767127 
0.0310371828797 
0.031085162823 
0.0425509367522 
0.039324505597 
0.0360777183385 
0.0377477760452 
0.0328458407635 
0.0279380015496 
0.0263204549234 
0.0296587926648 
0.0296751972977 
0.0346252357829 
0.0329884103922 
0.0280571890546 
0.0231241519747 
0.0181786771299 
0.0165495890841 
0.0132496409039 
0.0132587804969 
0.00995345858909 
0.0132897479516 
0.016634322057 
0.0116717320794 
0.00834901109801 
0.00668311678049 
0.00669589016054 
0.0083822388518 
0.0100797721622 
0.0168079894308 
0.0185222112959 
0.0135038913662 
0.0118313924726 
0.0118483089393 
0.0152390625445 
0.0135479599446 
0.00846488619288 
0.00507924922654 
0.00677159108781 
0.0118548292645 
0.0135562933827 
0.0101734012245 
0.0118815767311 
0.0169758583666 
0.0220750747697 
0.0271912951943 
0.0305814346561 
0.0356720062236 
0.0373757395948 
0.0407680091689 
0.0407927039708 
0.0407969273368 
0.0407797220987 
0.0390752679422 
0.0390891149835 
0.0374171804206 
0.035756238549 
0.0341175729676 
0.0341419889526 
0.0307739733958 
0.0290894987915 
0.0273935442638 
0.0273963997107 
0.0256930217291 
0.0240040957847 
0.0222951100773 
0.020576268552 
0.0188483611155 
0.0188395835463 
0.0154163951367 
0.0137072682485 
0.0137159177227 
0.0137200474097 
0.0120153865412 
0.0103105625268 
0.00860059292789 
0.00860315364979 
0.00688602017755 
0.00688598230607 
0.00516519447555 
0.00516525002686 
0.00344360241215 
0.00344337455079 
0.00172091024781 
0.00172059934478 
0.0 
0.0 
0.0 
0.0 
-0.0017222211719 
-0.00172251228805 
-0.00861668321098 
-0.0172322753861 
-0.02411946392 
-0.0327009371656 
-0.036102053474 
-0.0343805297753 
-0.0292123645464 
-0.0292082086081 
-0.0257701646307 
-0.0223461506611 
-0.0257934154446 
-0.0258049211413 
-0.0223618669482 
-0.0171871452368 
-0.0120221728259 
-0.00514461658398 
0.0 
0.00513384916609 
0.00683768932666 
0.00683243372932 
0.00852714543012 
0.00850636858756 
0.0101926718325 
0.0101752850995 
0.0118610750239 
0.0118467304063 
0.0118366658039 
0.0135268848248 
0.013538129103 
0.0135551762627 
0.0135638924907 
0.0118719472682 
0.0135731930864 
0.0135756805989 
0.0135863196394 
0.0136067473276 
0.0119302966867 
0.0119342313008 
0.0119461207192 
0.0119525876252 
0.0119534177711 
0.0119522266013 
0.0136593171837 
0.0136648639474 
0.0136721997959 
0.0119757005099 
0.0119997532743 
0.0102982023245 
0.0103139708434 
0.00860553721739 
0.00689286818977 
0.00517339675733 
0.00517501420472 
-0.00345113708832 
-0.0138198771664 
-0.0207522433671 
-0.0225174422168 
-0.0260101176597 
-0.0312128837837 
-0.0277263496937 
-0.0225085499781 
-0.017310549717 
-0.0103847839234 
-0.00691920456598 
-0.0017298270216 
0.0 
0.00172697818548 
0.00345215653501 
0.00345202527126 
0.00517707055831 
0.00517899979462 
0.00690909382429 
0.00692389269894 
0.00866371217555 
0.00867647593366 
0.00868806209742 
0.00869811618367 
0.00696708864762 
0.00697647576637 
0.00698587367028 
0.00700483162326 
0.00701719703422 
0.00702414799813 
0.0070303832439 
0.0070454233906 
0.00881009645007 
0.0070536306451 
0.00529632563144 
0.00353443596823 
0.00353542625552 
0.00354405989655 
0.00178155164807 
0.00178155164807 
0.0 
0.0 
-0.00178398738146 
-0.00178861112507 
-0.00358343813243 
-0.00358499130554 
-0.00359081503455 
-0.00179706796558 
-0.00359656580975 
-0.0035986724892 
-0.0035988169953 
-0.00360064439253 
-0.00540444900252 
-0.00541121827394 
-0.00541607777988 
-0.00722295460656 
-0.00722667558515 
-0.00723057552281 
-0.00542692286845 
-0.00543359185143 
-0.00362421007587 
-0.00362758813627 
-0.00363506589767 
-0.00363798170485 
-0.00364573848973 
-0.00547051081559 
-0.00364959436737 
-0.00365134814726 
-0.00365245942852 
-0.00365520443885 
-0.00365971093263 
-0.00549390464532 
-0.00366662744763 
-0.00366677938621 
-0.00366513821888 
-0.00183274614652 
0.00366611242467 
0.0128278655315 
0.0201460094593 
0.0347813055378 
0.0420875844631 
0.0402568109731 
0.0348083212319 
0.027503024302 
0.0201711540689 
0.0128025111185 
0.00730653863106 
0.00547082239324 
0.00364313013031 
0.00364118982199 
0.00181898014717 
-0.00181627163971 
-0.00544876415582 
-0.00726193978512 
-0.0108865420411 
-0.0126886063816 
-0.0126783005621 
-0.0126565114206 
-0.0126435555129 
-0.0126216055587 
-0.0126002139878 
-0.0107866736511 
-0.0107612789036 
-0.00178948793279 
0.00892557640825 
0.0106880343527 
0.0106733488412 
0.00710279257829 
0.00531785307638 
0.00177170616356 
0.0 
-0.00354420364369 
-0.00531353162429 
-0.00353557526371 
0.00176284466961 
0.010566970502 
0.0210485722728 
0.0280093625874 
0.0314524523227 
0.031414174313 
0.0331450091324 
0.0418143906799 
0.0452384811465 
0.0450958749814 
0.0432280558929 
0.0362942646363 
0.0310649040609 
0.0275433520444 
0.0257908529692 
0.0326337141302 
0.0394515002749 
0.0428252638258 
0.0564627974533 
0.087082117604 
0.107241357916 
0.122307244859 
0.130429445681 
0.132003694108 
0.135175821268 
0.129877145187 
0.122991767868 
0.121237379052 
0.119512111824 
0.116116457008 
0.111110968296 
0.102739004512 
0.0876138715811 
0.0707829669387 
0.0623438708922 
0.0555545768312 
0.0504804469279 
0.0470973205739 
0.0420351843308 
0.0420358680902 
0.0437246755244 
0.035354694316 
0.0286486971602 
0.0219443655594 
0.0185761589897 
0.0152126802536 
0.0101434576521 
-0.00169090132084 
-0.0186085204993 
-0.0355229466292 
-0.0304713996347 
-0.0254018238328 
-0.0271114730723 
-0.0220431507028 
-0.00678819371027 
0.0170007548979 
0.0357415672008 
0.0493574052953 
0.0528035349561 
0.054550245828 
0.0665074929033 
0.0700755440345 
0.0752494040369 
0.0754699827818 
0.061956278119 
0.0466189277681 
0.0449814073708 
0.0485457568602 
0.0538121513524 
0.0591078728578 
0.0608421136299 
0.0660562514322 
0.0677699609126 
0.0677375522764 
0.0659955804729 
0.0642660884048 
0.0538732063048 
0.0417862878229 
0.0278886922831 
0.0244212396658 
0.017465022222 
0.0122302042929 
0.00874319447838 
0.00525116716221 
0.00350241841532 
0.00701198081711 
0.00876552898687 
0.0140311246911 
0.0157970347362 
0.0123032485642 
0.0 
-0.0070500282138 
-0.0176374005334 
-0.0211805262481 
-0.0158923298375 
-0.0123648403117 
-0.0106012369315 
-0.00530151690595 
-0.00353686679676 
-0.00177215201174 
0.0 
0.00532112015793 
0.0177388833491 
0.0230569065076 
0.0230546705006 
0.0372358827083 
0.0478413822733 
0.0425416141249 
0.0407806926887 
0.0603002711329 
0.062126548941 
0.0656726255284 
0.0692551277213 
0.0675788081584 
0.0747216064152 
0.0871742990264 
0.0872071220356 
0.0961298858458 
0.0961923864933 
0.103235219144 
0.108561584742 
0.117329875702 
0.11904878448 
0.119008290633 
0.120864213219 
0.120913286141 
0.120850881047 
0.120829431363 
0.125961423973 
0.122186744787 
0.122101451452 
0.125471600805 
0.112940176057 
0.109315024444 
0.1074437305 
0.107279492974 
0.107109768877 
0.101879379908 
0.0965715202266 
0.0876777622305 
0.082360778068 
0.0840183098168 
0.0803880867567 
0.0768183627568 
0.0697560356195 
0.0696651336254 
0.0626497579814 
0.0642742857611 
0.0642317481381 
0.0606622550227 
0.0519329909903 
0.0484290543306 
0.039791459023 
0.0380795829023 
0.0380931742608 
0.0346586052198 
0.0433551598251 
0.0520518275149 
0.0451285259913 
0.0330057058888 
0.0278160265316 
0.0173880072656 
0.0121699986939 
0.0173743709314 
0.0243119096503 
0.0295092070357 
0.0364559409537 
0.0433671516563 
0.0467012010792 
0.0483419513732 
0.0465681480554 
0.0465116749344 
0.0430481086006 
0.0395760748995 
0.0378229193072 
0.0360800077232 
0.0343019479077 
0.034257041576 
0.0307628118257 
0.0272857715271 
0.0237764017037 
0.0203376248901 
0.0236123829452 
0.0168476692331 
0.0151410491827 
0.0134376631079 
0.0100759802771 
0.0100655588335 
0.00837961172258 
0.0134028516718 
0.00502373410346 
0.00334014754247 
0.0016679822304 
0.00332917823549 
-0.00166148574544 
-0.00498199710695 
-0.00165804923178 
0.0 
-0.00827750316671 
-0.00661684774867 
-0.00825774934178 
-0.00659924173305 
-0.00659152427678 
-0.0164566801228 
-0.023029523942 
-0.0279174925763 
-0.0311227554746 
-0.0408902983519 
-0.0310321229147 
-0.0326247883945 
-0.039097713127 
-0.0422472871129 
0.0308409252294 
0.0339658716791 
0.0386814036998 
0.0418554036675 
0.0272591727303 
0.016007518148 
0.00479532710043 
-0.00638464944226 
-0.0159464945183 
0.00796377418718 
0.00636411786026 
0.0159005674106 
0.0222391288172 
0.0142971687305 
0.0206406553664 
0.0142732739383 
0.0158471627341 
0.0142465561299 
0.0110744409604 
0.0474018661411 
0.0442161953972 
0.0189571230313 
0.0284125843308 
0.0236692780431 
0.014202515174 
0.0126179843281 
0.0173493533666 
0.0205076145471 
0.0268045080178 
0.0236329720592 
0.0330657258038 
0.0299193435876 
0.00944981295004 
0.0314826450547 
0.0314730191747 
0.0330283787823 
0.0345952045481 
0.0298860156061 
0.0267672175759 
0.0173466192109 
0.0157826985334 
0.0173739825968 
0.0110637580701 
0.0126472155428 
0.0126475434995 
0.0110684209526 
0.0110692563488 
0.0126552572898 
0.0142433536172 
0.0158314959784 
0.0174199888232 
0.014257547422 
0.0158389660298 
0.0158433296085 
0.0142667460339 
0.0158382615259 
0.0142472486382 
0.0142352253389 
0.012652006926 
0.0142320579637 
0.0110784832972 
0.0110877088921 
0.00633844627607 
0.00475794732027 
0.00634862736337 
0.00635133691409 
0.0111220094511 
0.00953632652219 
0.00794531129948 
0.00794181749334 
0.00635041376326 
0.00476645857876 
0.00476782179038 
0.00158913746983 
-0.00476214507777 
-0.00793249207775 
-0.00633816946797 
-0.00316911871679 
-0.00316746282479 
-0.00158336984873 
-0.00316634352392 
-0.00158172314548 
0.0 
0.0031578144996 
0.0047256788271 
0.00629603791777 
0.00786012363776 
0.00471050508027 
0.00313541464073 
0.0 
-0.00156891660963 
-0.00156993442685 
-0.00471884305609 
-0.0125861624929 
-0.0188836236512 
-0.0236085800899 
-0.0220494648062 
-0.0251996501472 
-0.0330718542472 
-0.0267733168974 
-0.0252028652582 
-0.0220770558735 
-0.0173517921361 
-0.0221253533617 
-0.0268751736456 
-0.0284866889135 
-0.0348280134931 
-0.0411716109563 
-0.0396224355788 
-0.0365016823974 
-0.0381420401457 
-0.0381626213237 
-0.039774798379 
-0.0429650695763 
-0.0477713631713 
-0.051034570528 
-0.0542959026002 
-0.0591168800996 
-0.0575915347841 
-0.0591945977962 
-0.0607863133874 
-0.0623576203404 
-0.0655460388165 
-0.0719010454819 
-0.0782384794504 
-0.0814242458834 
-0.0893935841188 
-0.0910222453006 
-0.0926431893978 
-0.0910387743861 
-0.0941810022112 
-0.0925684708546 
-0.0863052262223 
-0.0864046283454 
-0.0864088109555 
-0.0849235830268 
-0.0833962735421 
-0.0802787111196 
-0.0755885518 
-0.0708066978651 
-0.0692740983634 
-0.0708980568045 
-0.0676973117661 
-0.0581118677686 
-0.0532985409561 
-0.0468690375774 
-0.0436489996568 
-0.042065854483 
-0.0485475235812 
-0.0485506381143 
-0.0485545093766 
-0.045293550455 
-0.0403957769036 
-0.0435778615809 
-0.0435674570814 
-0.0451914577709 
-0.0452026171821 
-0.0403728698529 
-0.0387756087721 
-0.0339472296185 
-0.0372182493787 
-0.0324062924945 
-0.0259509959715 
-0.0292088360569 
-0.0308602763155 
-0.0243741271687 
-0.0243816105648 
-0.0260199165532 
-0.0162651676538 
-0.0130117913648 
-0.014638059483 
-0.00813082999094 
-0.00324615669052 
0.00324000511014 
0.00485801100859 
0.00646775378096 
0.00969834507509 
0.0113135466593 
0.0161678831024 
0.017792256914 
0.0113225122087 
0.0080885956971 
0.00161881570466 
-0.00161895641974 
-0.00647568482639 
-0.00323585374921 
-0.00323078250845 
-0.00807328413359 
-0.0161209750113 
-0.0161083532612 
-0.0144878603863 
-0.016080044329 
-0.020890717065 
-0.0176698630913 
-0.0176611331176 
-0.0272646915323 
-0.0256344852704 
-0.0288098024529 
-0.0431428656105 
-0.0479018030825 
-0.04148423156 
-0.0414559623666 
-0.04460611728 
-0.0365998942636 
-0.0397415035726 
-0.0349435897538 
-0.0317248647473 
-0.025363421593 
-0.0332461711733 
-0.0363651415711 
-0.0363607683438 
-0.0316126965442 
-0.0236957852961 
-0.0236888541707 
-0.022110293382 
-0.0189506570902 
-0.0189405459558 
-0.0205138631576 
-0.0141953354487 
-0.00788587546938 
-0.0063082886939 
-0.00946045496718 
-0.0157683597415 
-0.0204959005669 
-0.0204963150062 
-0.0173431714378 
-0.0173358931069 
-0.0141797737148 
-0.00787487730776 
0.00157449423056 
0.00472219254253 
0.020456440881 
0.0471629213016 
-0.0220218286521 
-0.0236204727519 
-0.0362296180016 
-0.0441211958218 
-0.0331418878238 
-0.020538821459 
-0.00474398209269 
0.00475041528487 
0.0205883034967 
0.0269482490763 
0.0333244024581 
0.007947313529 
0.00636656039228 
0.00796163187336 
0.00318595678732 
-0.00319079204815 
0.0 
0.0015998777945 
0.00160142715138 
-0.00802251287786 
-0.0128511265498 
-0.0112517816187 
-0.014504208566 
-0.0113103129511 
-0.0145812652821 
-0.012982554248 
-0.02760540862 
-0.0113892635037 
-0.0114011741983 
-0.0114183454137 
-0.00981075282127 
-0.0130898027898 
-0.0147640147808 
-0.0180996021424 
-0.0197772119513 
-0.0214949663306 
-0.021537212635 
-0.0215970832882 
-0.0199635429048 
-0.0183264905157 
-0.0183433082226 
-0.0183587630325 
-0.0200770406104 
-0.0184193655323 
-0.0184538155358 
-0.0184729442577 
-0.0185292802561 
-0.0185784745941 
-0.0185936285153 
-0.0186694818581 
-0.0169847185226 
-0.0153019282246 
-0.0153251490171 
-0.0170510795545 
-0.0170510643061 
-0.0153507221086 
-0.0153539211562 
-0.0136762173589 
-0.0136937394273 
-0.0136991933854 
-0.0119966840467 
-0.0102923708997 
-0.0103053863325 
-0.0103226145481 
-0.0103327819649 
-0.0103512428682 
-0.010372169152 
-0.0138391471392 
-0.0225363299038 
-0.0260380779179 
-0.031324524589 
-0.0383345843282 
-0.0366030039621 
-0.0331257249535 
-0.0279170067092 
-0.0244490786069 
-0.0192373269162 
-0.0174943996525 
-0.0140144415666 
-0.0105383728134 
-0.0105432910306 
-0.0175765471444 
-0.0158200067014 
-0.0140578992822 
-0.015811422302 
-0.021059160112 
-0.0210596252912 
-0.0193016480147 
-0.0210559431853 
-0.0262910934244 
-0.0315109082773 
-0.0332242122812 
-0.0332084874736 
-0.029706263208 
-0.0297031654426 
-0.0314328424647 
-0.0331699180991 
-0.0383865981127 
-0.0401100936191 
-0.0366156855186 
-0.033134613657 
-0.031395990345 
-0.0296655909704 
-0.0261873417821 
-0.0244452198243 
-0.0296890456414 
-0.0331698132105 
-0.034911043553 
-0.0296617936013 
-0.0261532243622 
-0.0278903191659 
-0.0278676063386 
-0.0313364875007 
-0.0330463077481 
-0.0330644079449 
-0.0330788628498 
-0.0348230756116 
-0.0365680284727 
-0.0400514177331 
-0.0400547086481 
-0.0417730440082 
-0.0400070830191 
-0.038244887028 
-0.034731265726 
-0.0346882947732 
-0.0329188131559 
-0.0328235302811 
-0.0310159872099 
-0.0292706696737 
-0.030903914861 
-0.0308475479682 
-0.0273876518949 
-0.0256438665547 
-0.0256130882622 
-0.0238788966921 
-0.0255577676133 
-0.0289178870016 
-0.0305954841402 
-0.0288760433982 
-0.0220812171191 
-0.0118959567464 
-0.00849380900124 
-0.0067830824532 
-0.00677461524214 
-0.00845109990246 
-0.01182507315 
-0.0134935263841 
-0.0134889809812 
-0.0151759486405 
-0.0134789279777 
-0.0134657615983 
-0.0100968588697 
-0.0100927294976 
-0.00840209324147 
-0.0100815310544 
-0.0134358079591 
-0.013419569322 
-0.0117299321224 
-0.0100386702084 
-0.0133420172643 
-0.0133229653372 
-0.0132825621726 
-0.0116103187749 
-0.0115871674359 
-0.0115820217233 
-0.0148900476371 
-0.0132326704932 
-0.0115766432227 
-0.00991801716258 
-0.00660861111633 
-0.00495770536303 
-0.00660904794872 
-0.00991086406417 
-0.00989553422185 
-0.00823498415008 
-0.00657300175781 
-0.00328089884992 
0.0 
-0.00163841811817 
-0.0032750376745 
-0.00490579050905 
-0.00653840799489 
-0.00652997750441 
-0.00652449593699 
-0.00652180601052 
-0.00652071150124 
-0.00651988896006 
-0.00814787430184 
-0.00814137871159 
-0.0081365390652 
-0.00812966506044 
-0.00812407765966 
-0.00810559792775 
-0.0129539322669 
-0.0177832548423 
-0.0177523928874 
-0.0161342073252 
-0.0145215164069 
-0.0177638061854 
-0.0210143800059 
-0.0210401933827 
-0.0178267061855 
-0.00974126545693 
-0.00649837311501 
-0.00324857862835 
-0.00487056841566 
-0.01135374085 
-0.0129688444379 
-0.0129638502016 
-0.00972036568504 
-0.00647211407445 
-0.00808370640781 
-0.00968236264326 
-0.0112762632734 
-0.0112692104441 
-0.0144711584824 
-0.0128615195783 
-0.00964653951343 
-0.00804573901211 
-0.00644990599363 
-0.00806922358524 
-0.00645779081622 
-0.00484960167215 
0.0 
0.00323848360862 
0.0 
-0.00648189442404 
-0.00972193527703 
-0.0113382280582 
-0.0145656219378 
-0.0210362116008 
-0.0291172458366 
-0.0371961225701 
-0.0388117554807 
-0.0420254837691 
-0.0387586479783 
-0.0338826734547 
-0.0274273870923 
-0.0258208158503 
-0.0274470723675 
-0.0306954081549 
-0.0355805257537 
-0.0405055166274 
-0.045403176603 
-0.0454327911878 
-0.0471091765281 
-0.0472163093883 
-0.0472654295496 
-0.0473216747315 
-0.0441836950689 
-0.0425735250595 
-0.0409512129465 
-0.0410077406168 
-0.0410704461691 
-0.0394466992138 
-0.037802151346 
-0.0344937389429 
-0.0344757380852 
-0.0328035980431 
-0.0311427684317 
-0.0295157945842 
-0.0295558275105 
-0.0295686008766 
-0.0279267798893 
-0.0279448847171 
-0.027962732368 
-0.0263424810677 
-0.0247103855453 
-0.0230679996568 
-0.0214239240727 
-0.0197799692036 
-0.0197927879237 
-0.0264234641993 
-0.0314347542834 
-0.0364695702177 
-0.0431524843899 
-0.046521171553 
-0.0432185350469 
-0.039912868677 
-0.0315981759239 
-0.0249274301453 
-0.0198946146837 
-0.0165431901117 
-0.0148593507876 
-0.0131848708795 
-0.0098823196249 
-0.00822801905889 
-0.00493466939588 
-0.00328729907858 
-0.00164211985315 
0.0 
0.0 
-0.00164077983965 
0.0 
0.00163799031682 
0.00327530211425 
0.00490914106434 
0.00490693568293 
0.00653699206278 
0.00488662679359 
0.00488380574403 
0.00325302357935 
-0.00324820402647 
-0.00324504787354 
-0.00486019740196 
-0.00809341344382 
-0.00809196008635 
-0.00485571864836 
-0.00323837559183 
-0.00161826657504 
0.00161789328978 
0.00485464332727 
0.00648218643291 
0.00648423373796 
0.0064885068771 
0.00811667428259 
0.00812250693785 
0.00813594248355 
0.00815208856066 
0.00163222147934 
-0.00490170316175 
-0.0147062134878 
-0.0196076420733 
-0.0179671347458 
-0.0146968092838 
-0.0114342074836 
-0.00980660800323 
-0.0114435901461 
-0.0130749944347 
-0.0196115838401 
-0.0228910446971 
-0.0245418685789 
-0.0245582351461 
-0.0229683903319 
-0.0213627769003 
-0.0148188882736 
-0.00989183922073 
-0.00329947794862 
0.00165274875752 
0.00661370361627 
0.00992804902066 
0.0132730170125 
0.0166209934041 
0.0116642900565 
0.0 
-0.00669999684365 
-0.0150954105051 
-0.0134513374813 
-0.0101098553248 
-0.00677338009847 
-0.00509369632184 
-0.00510299333712 
-0.0051161652518 
-0.00855389945966 
-0.0085760188795 
-0.00515872224472 
-0.00172274109121 
0.0 
-0.00346688024943 
-0.0156329215049 
-0.0243220985453 
-0.0278001451385 
-0.0260865119769 
-0.0243542413685 
-0.0156718166029 
-0.00872593302826 
-0.00349403774298 
0.00174781423363 
0.00174870879326 
0.00349956890618 
0.0 
-0.00702010794805 
-0.0140659274218 
-0.0228680706995 
-0.0246723749952 
-0.0229450961198 
-0.022967725785 
-0.0229862488214 
-0.0247778279219 
-0.0265621620619 
-0.0301046061839 
-0.0406928927883 
-0.0442102948877 
-0.0512203035789 
-0.0546232057269 
-0.0544298948979 
-0.0560700116155 
-0.0576813115055 
-0.0593422921225 
-0.0609234997604 
-0.0626340871254 
-0.0608296293874 
-0.0625148583352 
-0.0624248278356 
-0.0519761992154 
-0.0501421462826 
-0.0517991169594 
-0.0499417560403 
-0.048159665191 
-0.0497880587986 
-0.0428476880613 
-0.0393813340438 
-0.0392882845421 
-0.0391877547015 
-0.0408190928496 
-0.0356130121001 
-0.0270566298055 
-0.0202245553649 
-0.0117673205378 
-0.00839007105682 
-0.00835583703615 
-0.0116613316508 
-0.011654593981 
-0.0116396873641 
-0.0116286272736 
-0.00995882077877 
-0.00497869965354 
0.00165707188814 
0.00828212538799 
0.0165474424879 
0.0314202879715 
0.0413067030006 
0.051134840515 
0.054390668614 
0.0559791115759 
0.0559143162155 
0.0607960745861 
0.0656972273383 
0.0673242401652 
0.0656742179342 
0.0607379974208 
0.0542068832681 
0.0559070768376 
0.0674055272094 
0.0739571840322 
0.0722812233284 
0.0706281659868 
0.0705959127665 
0.0722072899421 
0.0705592572241 
0.0721818090921 
0.0786963751988 
0.0835177877176 
0.0849598462255 
0.0930431354632 
0.0961415603639 
0.09102699222 
0.0940897560633 
0.0953620969955 
0.09838228479 
0.101358882434 
0.104422174146 
0.104137437395 
0.10393892286 
0.0991278028136 
0.0894868987601 
0.0861309626965 
0.0812799246327 
0.0796726438627 
0.0764696345166 
0.0780260527705 
0.0795156248769 
0.0825681731521 
0.088853627989 
0.0919682809015 
0.0966818435494 
0.099864059456 
0.0951982954027 
0.0968645667113 
0.0952900734761 
0.0953084445081 
0.0984804940772 
0.109526064012 
0.114257838626 
0.112702931908 
0.122151832269 
0.134717573759 
0.142607621227 
0.15207581848 
0.161523358525 
0.166228712 
0.16620961651 
0.164765901431 
0.160135839805 
0.155652317014 
0.151127372303 
0.141829139862 
0.137319070288 
0.132824279888 
0.126557471608 
0.125222692037 
0.117472243147 
0.117663093773 
0.113078733594 
0.111595773833 
0.106844463827 
0.103833751687 
0.0959855305254 
0.0929344817355 
0.0896998424161 
0.0880645166381 
0.0832659714179 
0.0817039929455 
0.0784671758781 
0.0768666335533 
0.0703937478352 
0.0655589667887 
0.0623014919763 
0.0574090550865 
0.0557858279851 
0.05092885693 
0.0476993991724 
0.0427903641459 
0.037865428415 
0.0345811864326 
0.0280167579045 
0.0214355821292 
0.0181608387703 
0.0132100144027 
0.00990993758048 
0.00495974470185 
-0.00165375478233 
-0.00496428314391 
-0.00993100923951 
-0.011597436859 
-0.0165735920535 
-0.0199025434602 
-0.0215817603137 
-0.0199354681506 
-0.00997069847393 
0.00166156077932 
0.00498309328215 
0.00166060624838 
-0.00498151940757 
-0.0132830080328 
-0.0182483440849 
-0.0248730537582 
-0.028160128894 
-0.0331064593434 
-0.0364026066434 
-0.0380523922854 
-0.0397325534339 
-0.041396103683 
-0.0430732500468 
-0.0447500890299 
-0.0447676295926 
-0.0464316302586 
-0.0481057147479 
-0.0481213923556 
-0.0465219634084 
-0.0465457537232 
-0.0465729307864 
-0.0482504137145 
-0.0482514503253 
-0.0449295850083 
-0.0432636383155 
-0.0416110837395 
-0.0399810232032 
-0.0383594010409 
-0.0384291753997 
-0.0368201456119 
-0.0352425429429 
-0.031915692691 
-0.0218734746625 
-0.00674086410727 
0.0016872637114 
0.00337556611245 
0.00337770437308 
0.00506717720684 
0.00507116472079 
0.00507157309754 
0.00507773246899 
0.00169426305019 
0.0 
0.00339999523189 
0.00852255814652 
0.0136541082633 
0.0136745911038 
0.0136965597822 
0.0205492519746 
0.0239981578647 
0.0291903804465 
0.0326918183189 
0.0361481445965 
0.0378652739173 
0.0378522791499 
0.0395663732472 
0.0378017449923 
0.0377725376055 
0.0342875908596 
0.0308429823977 
0.0325552655723 
0.0342883361661 
0.0343184304327 
0.0326685962867 
0.0326822811562 
0.0344010867789 
0.0343979987011 
0.036098651877 
0.041241933884 
0.042940758689 
0.0429215166644 
0.0411895147756 
0.0429172925429 
0.0412076574833 
0.0395045696947 
0.0377901364424 
0.0326545242658 
0.0257934746497 
0.0275141974128 
0.0275116781839 
0.0326597202419 
0.0360828059263 
0.0395111515408 
0.0412209097591 
0.0343411475302 
0.0274570926139 
0.0257333883726 
0.0274482005082 
0.0291625544935 
0.0308789791936 
0.0205893739941 
0.00686380318979 
-0.00857818181684 
0.00857299834635 
0.00171433864123 
0.00171359033878 
0.00171319319995 
0.00171267567003 
-0.00856180701448 
-0.00855768658563 
-0.0205339374133 
-0.0239602496431 
-0.0239682892491 
-0.0393571950479 
0.0581121463598 
0.0649122335629 
0.0886703778666 
0.0852074527156 
0.0682423926177 
0.0188025687136 
-0.0188038283973 
-0.112434864645 
-0.0136874511909 
-0.00513465445688 
0.0102657457522 
0.0290150303643 
0.292991584497 
0.186864226052 
0.166978907998 
0.0271426796297 
-0.0761863217602 
-0.0745186752748 
-0.108135996321 
-0.099594519661 
-0.0304353205588 
0.0101486164767 
0.0236781195073 
0.0338323976992 
0.020305286006 
0.0236945998742 
0.00677768974 
-0.00847544453 
-0.0135665488164 
-0.0203577610222 
-0.0237548044286 
-0.0237497574543 
-0.0186585368793 
-0.0169514113992 
-0.0169334552246 
-0.0152193295352 
-0.0118296544862 
-0.00844739085257 
-0.00337620192535 
-0.00337443229728 
-0.0033738503418 
-0.00168688532895 
0.00168681626669 
0.00337362808995 
0.0 
0.0 
0.0033723003452 
0.00842090903505 
0.021877189909 
0.0268801420794 
0.0301891256457 
0.0284977763243 
0.0217620017481 
0.0183907477127 
0.0200555153814 
0.0233611385926 
0.0250053951559 
0.0299858986282 
0.0316064218063 
0.0249163164456 
0.0265493141427 
0.0281504657985 
0.0314352848192 
0.0330831513994 
0.0347257407036 
0.0330753224528 
0.0281040878122 
0.0314007308184 
0.0346778868252 
0.0313342048427 
0.0329523648564 
0.0395124767999 
0.0378405764407 
0.0312301678526 
0.0312203489088 
0.0328462753108 
0.029556327221 
0.0246323600047 
0.0229868480014 
0.0246274955458 
0.0213590368488 
0.0197184315145 
0.0230306618239 
0.0214070993677 
0.0164749873575 
0.0131847475833 
0.0131889699763 
0.00825519705393 
0.0066081269715 
0.0115700449726 
0.0181938987296 
0.0181935601311 
0.0082642281551 
0.00495335013018 
0.00824941376775 
0.0131832505995 
0.0197663536176 
0.026330248724 
0.0312331289348 
0.0279240770113 
0.0213427715731 
0.0131264968781 
0.0114847476539 
0.0147641545123 
0.0180465348029 
0.0147622216016 
0.00983790245035 
0.00983412200341 
0.0114730984462 
0.0147555492145 
0.0180526124628 
0.0131332803609 
0.00821304009692 
0.00328705717037 
0.0 
0.00329049514246 
0.00658721062865 
0.0115335007949 
0.0148323073725 
0.0181335053803 
0.0214227660334 
0.0230641586202 
0.0230695237432 
0.0247207277676 
0.0247310008928 
0.0247478659872 
0.0264098410187 
0.0264352086182 
0.0264394090052 
0.0264571436324 
0.0264868699243 
0.0265075843157 
0.0249176148356 
0.0233016675308 
0.0216754246635 
0.0217248468764 
0.021768336052 
0.0201068167489 
0.0201470117707 
0.0184838798648 
0.0184807542963 
0.018476944635 
0.0184567267614 
0.016774618413 
0.0150919574544 
0.0150922711931 
0.0134123282883 
0.0134041794124 
0.0117182275828 
0.0100375195045 
0.00835799424878 
0.00501553052231 
0.0066872264637 
0.00669392443661 
0.00670138309636 
0.00335405894146 
0.00503331839412 
0.00503451703839 
0.00839013147489 
0.0134176140091 
0.0167693903462 
0.0251502302456 
0.0268166269995 
0.0251294905181 
0.0267856562934 
0.0284253368964 
0.0284198661195 
0.0250870193002 
0.0301243653206 
0.030099255299 
0.0267343149104 
0.030061724876 
0.031726779231 
0.0367336394909 
0.0400805179843 
0.0367298190769 
0.0350490415838 
0.0333632237271 
0.02833731327 
0.0199662525681 
0.0199331693808 
0.00994908850809 
0.00496213753201 
-0.00330122905515 
-0.00494775127028 
-0.00493972007829 
-0.00493731278012 
-0.00493721126775 
-0.0016460310893 
-0.00164710410697 
-0.0049497302449 
-0.00660205775907 
-0.00165070178552 
0.00825446208488 
0.0132038237045 
0.0115556102018 
0.00990469415466 
0.00825019846841 
0.00823885658502 
0.00658991855063 
0.0148255656756 
0.0230696197982 
0.0230620266722 
0.0214059750751 
0.019759006044 
0.0148213865028 
0.0115298721089 
0.00329633876833 
0.00165034715486 
0.00495218475151 
0.00165101562432 
0.0 
0.00660239810935 
0.00990065655457 
0.00660357063788 
0.0 
-0.00825586715301 
-0.0132029239116 
-0.0131946465856 
-0.0148217717263 
-0.0115187710753 
-0.0032902667014 
0.00164530171917 
-0.00164479407297 
-0.00657432925455 
-0.00656326670595 
-0.00818898144744 
-0.00981049046462 
-0.0114253052148 
-0.00978849639373 
-0.00814605198604 
-0.0048862810522 
-0.00650518924622 
-0.00162393136125 
0.00324650895809 
0.00324244970748 
-0.00161952527791 
-0.00647486310965 
-0.00808760813422 
-0.00807526743392 
-0.00967805461987 
-0.0096578866904 
-0.00160814362674 
0.0048205617914 
0.00802924246063 
0.00803162001428 
0.00963912489798 
0.00963960930036 
0.00803315824058 
0.00160774233337 
0.0 
0.00482204704503 
0.0048174520059 
0.00320949418096 
0.00160276524399 
0.00640977162001 
0.0112171426174 
0.0144290527245 
0.0128379648501 
0.0112578508385 
0.0160988523345 
0.0112936238576 
0.00484754580991 
-0.00323414037045 
-0.00647546738105 
0.00162211092188 
0.00486935422428 
0.00812905373157 
0.00650791596789 
0.0097841071256 
0.0114414425497 
0.00982028901859 
0.00820090846503 
0.00985128688656 
0.00822213064937 
0.00164799240757 
-0.00494552778637 
0.0 
0.00495819726156 
0.00330999321262 
0.0016577682257 
0.00332183488299 
0.00997868201493 
0.00666513299672 
0.0100095189079 
0.0116980792145 
0.0167130760936 
0.0200576058867 
0.0133853992361 
0.00502404300203 
0.00167681897213 
0.00167951912339 
0.00168084114031 
0.00504494300634 
0.0067265462903 
0.00672852042902 
0.0067302073766 
0.0100963711704 
0.00841576118175 
-0.00336746908386 
-0.00841517022704 
-0.0117800288746 
-0.0117780205701 
-0.00840897931309 
-0.00672319199566 
-0.00336247534352 
-0.00336254246549 
-0.00336219367612 
-0.0100814446298 
-0.0100832089537 
-0.00336467396996 
0.00336599139303 
0.0117766723188 
0.0117740777803 
0.0117729513491 
0.0117729513491 
0.011767820459 
0.0134452827656 
0.0168094186968 
0.0151281570585 
0.00839814255385 
0.0151158606178 
0.0151034777996 
0.0117416901172 
0.0083802727038 
0.0150825887138 
0.0100403354727 
0.0100291681968 
0.0116847424563 
0.00667199742834 
0.00500349132213 
0.00834101381423 
0.0166777115983 
0.0166804360186 
0.0166756642265 
0.0249905432138 
0.0283029009068 
0.0233012200809 
0.0183027721105 
0.016645242387 
0.0183078816257 
0.0216311797502 
0.0232892802558 
0.0199575750548 
0.0182882188112 
0.0149551782312 
0.0132841859207 
0.0149331752313 
0.0149016252046 
0.0115770019992 
0.00826081208865 
0.00825496504691 
0.0115461038744 
0.0148162594682 
0.0164493993199 
0.0147772316843 
0.0114810050158 
0.0131127029057 
0.0180251782905 
0.0163867722592 
0.0163992764217 
0.0147686018972 
0.00984735666293 
0.00656462263701 
0.00492502724335 
0.00820913404601 
0.0114963719255 
0.00821415311741 
0.00657237451285 
0.00821743796415 
0.00986373115231 
0.00986913949951 
0.00823438468495 
0.0115335125741 
0.0148383424673 
0.0197968075945 
0.0214506762563 
0.0230981163428 
0.0247512768136 
0.0247521355088 
0.0247558065666 
0.0263989870511 
0.028048196482 
0.0247594027269 
0.0165152374054 
0.0115676600681 
0.0082718223604 
0.00496383664115 
0.00330856108605 
0.00661545033531 
0.0148752941025 
0.0214765412393 
0.0181762195215 
0.0132257933657 
0.0132273229682 
0.0181984897036 
0.0297908475677 
0.0331199281121 
0.0314748949417 
0.0265085976451 
0.0215375358554 
0.0182234439765 
0.0149100531413 
0.0132553552068 
0.0132582325411 
0.0132590990236 
0.0132691813805 
0.0132820385354 
0.00664252275731 
0.00166198438709 
0.00332492689175 
0.00499068779355 
0.00332965077893 
0.00333185458044 
0.00333573523936 
0.00166958143268 
0.00334600137822 
0.00669801212916 
0.0117407492112 
0.0218129419036 
0.0235184924854 
0.0268894067218 
0.0336241163765 
0.0369885364172 
0.0437408212407 
0.0522360577449 
0.0573364430511 
0.0574197852556 
0.057457805317 
0.0542581354074 
0.0458721741967 
0.0357249293027 
0.0340673020895 
0.0375766946687 
0.0341993920574 
0.034241308104 
0.0273870239125 
0.0188227899944 
0.0153833330774 
0.0119627880157 
0.0068359079673 
0.00170891323864 
-0.00512829192877 
-0.0102573349404 
-0.0153995906912 
-0.0171193485744 
-0.00856928309408 
0.0102967368977 
0.015467559011 
0.0154846481089 
0.010336603202 
0.00861888229598 
0.00517597127685 
0.0017284513594 
0.00173073839562 
0.0 
-0.00346460845614 
-0.00519922039776 
-0.00693323991451 
-0.00173437931498 
0.00173566976304 
0.00173583885487 
0.00173579331033 
0.00173549294863 
0.00520570253326 
0.00694114753652 
0.0121432702247 
0.01386956714 
0.0138559622447 
0.00865565179636 
0.00345981463318 
0.00345935606667 
0.00518527131455 
0.00172651454905 
0.0 
-0.00172444934113 
0.00172405268119 
0.00689561789837 
0.00861939238906 
0.0137842547206 
0.0103340879296 
0.00861456380305 
0.0103382422257 
0.00516763774177 
0.00516596509159 
0.00689284100393 
0.00516852754739 
0.00861368562327 
0.00516576785646 
0.0 
0.00172111687267 
0.0 
0.0 
0.00172776470434 
-0.00173014026951 
-0.00173051688797 
-0.0017316414365 
-0.00519134728194 
-0.00345448713298 
-0.00517251633112 
-0.0103368120849 
-0.0120480222637 
-0.0154677250509 
-0.0188934595451 
-0.0257483610365 
-0.0325548188796 
-0.0359724604008 
-0.0360011689499 
-0.0360466429877 
-0.0309202875704 
-0.0172055251439 
-0.00689123402244 
-0.00344784880142 
0.0 
0.00345367929866 
0.00345508727985 
0.003457112072 
0.00172820622557 
0.00345708243768 
0.00172992448021 
0.00864884032709 
0.0224591981356 
0.0258641197041 
0.0241218433831 
0.0206653379045 
0.00860935607721 
-0.00344333667105 
-0.00344415749101 
0.00172232824254 
-0.00172191262269 
-0.00861195879922 
-0.012053976437 
-0.00689023612332 
-0.00172308971898 
0.00172422958202 
0.00517179137417 
0.00344743023675 
0.00344815350786 
0.00344905263484 
0.00517679111513 
0.0103563152263 
0.0120962664954 
0.00691509846254 
0.00691440879154 
0.00172706892299 
0.00172646736053 
0.00172639146633 
0.00345115639795 
0.00517552590477 
0.00172538330386 
0.00344880108158 
0.0 
0.0051752457769 
0.0120994726517 
0.0103835456567 
0.00692499869646 
0.0103917133804 
0.00865695662966 
0.00692384183726 
0.00865618054229 
0.00865834907617 
0.00692988245291 
0.0173211730821 
0.0259808378731 
0.0294403772764 
0.020777026337 
0.0207745688686 
0.0276999131423 
0.0277087883511 
0.0277002812098 
0.0294125800205 
0.0311044464586 
0.0241547998977 
0.0172354375236 
0.0206354035444 
0.0274903069874 
0.0291489580218 
0.0274004166792 
0.0221841660962 
0.0187327921099 
0.0220746333529 
0.0236976114602 
0.0203009016887 
0.0202648182668 
0.0202513843898 
0.026976673463 
0.0320051581004 
0.0303072906344 
0.0218920477036 
0.0151632028992 
0.0168386445489 
0.0168386445489 
0.0168296889469 
0.0117719874915 
0.00840544323339 
0.0134363298024 
0.016778703347 
0.0150893189452 
0.0133981499454 
0.0167316007767 
0.0217229742045 
0.026721416154 
0.0266756898524 
0.0233142512353 
0.0183045248263 
0.0116389306694 
0.00498793871877 
0.00166317749514 
0.0016635810771 
0.00831466823621 
0.00831203518586 
0.00997511998397 
0.00332434186025 
0.0 
0.0 
-0.00331775551832 
-0.00331601856154 
0.00165654792511 
0.00496824447449 
0.0115934748565 
0.016561428864 
0.0198695783136 
0.0215218691347 
0.0231588345939 
0.0231372264462 
0.0264348130134 
0.0247731424252 
0.0231325040119 
0.0231378736301 
0.0231433369391 
0.0214847044492 
0.0214756532045 
0.0198175936054 
0.0181664829851 
0.0181684972758 
0.0165178127369 
0.0148679804071 
0.0148684758052 
0.0132184672339 
0.0115660734116 
0.00991551236489 
0.00825961547347 
0.00825828457319 
0.00660239603077 
0.00659785797251 
0.00494369434304 
0.00494582869731 
0.00164968753171 
0.0 
0.0 
-0.00165102992209 
-0.00165125546979 
-0.00329932040641 
-0.00329829039411 
-0.001646983549 
-0.00329295967506 
-0.0049389929897 
-0.00493682385434 
-0.00658419898039 
-0.00658645500192 
-0.00658762911667 
-0.00658607699501 
-0.0065823556085 
-0.00657454308471 
-0.00656823090801 
-0.00163931821547 
0.00819114037669 
0.0180006695331 
0.0228936627427 
0.0196195577735 
0.0163470292005 
0.00980774077108 
0.0049035369241 
0.00326886337796 
0.00326761883742 
0.00326930136993 
0.00163530972052 
0.00327080631662 
0.00327144894764 
0.0 
-0.0032681614088 
-0.00163367352465 
0.00489797225577 
0.013058810669 
0.0163119149643 
0.0130396746158 
0.00651598130521 
0.0 
-0.00650158186046 
-0.00974270451521 
-0.0129801507802 
-0.0145960212115 
-0.0146000189149 
-0.0145961340791 
-0.0145755274778 
-0.0048539642845 
-0.00161565470026 
-0.00322921818954 
-0.00484369361832 
-0.00807320084387 
-0.011300559407 
-0.0145295555732 
-0.0161410080221 
-0.0193804216409 
-0.0161562879436 
-0.00485410434727 
0.00161936695768 
0.00324359964202 
0.00486706357396 
0.0 
-0.00487644246708 
-0.00976469916475 
-0.0130259693699 
-0.0130409546895 
-0.00978531459991 
0.00163139324195 
0.00653302216579 
0.00817577315642 
0.00654998412662 
0.00328101228869 
-0.00164163267281 
-0.00820834492857 
-0.013139992648 
-0.0164381184875 
-0.0181090666861 
-0.0197620220004 
-0.0197765872467 
-0.0214360640843 
-0.0230939456191 
-0.0231227462924 
-0.0231397187584 
-0.0248022257348 
-0.0248313969945 
-0.0248361286365 
-0.0248493432617 
-0.023236013729 
-0.0215920792212 
-0.0216371445235 
-0.018335654687 
-0.0166970365245 
-0.0167335791311 
-0.0134073681346 
-0.0134476977463 
-0.0117734999026 
-0.0101197282038 
-0.0101471523951 
-0.00847866474656 
-0.00850465899737 
-0.0085298929551 
-0.00855813358292 
-0.00859182859185 
-0.00688929452558 
-0.00172942431869 
0.00519934972758 
0.00521648787605 
0.00696272094674 
0.0121946708889 
0.0156820100099 
0.0244022086113 
0.0296574027943 
0.0331598766448 
0.0367019328528 
0.03675479259 
0.0367734683522 
0.0385661567378 
0.0385986310257 
0.0455843065517 
0.0438333536746 
0.0368134665465 
0.0315482995832 
0.0297789014573 
0.0244903945238 
0.0209907267222 
0.0209917526076 
0.0192629678244 
0.0210105496443 
0.0262538025005 
0.0367374896603 
0.0332413934319 
0.029713346948 
0.0331592614964 
0.0418417109047 
0.0417859515112 
0.0382554702753 
0.0364624093529 
0.0277592982343 
0.0294383358599 
0.0311090871822 
0.032779081763 
0.0258004289121 
0.0239914897899 
0.0256242312202 
0.0238586383837 
0.0187180226022 
0.0152959601745 
0.0119054803869 
0.00680219404441 
0.00679467507513 
0.00848949943146 
0.00843760624794 
0.00337235131998 
-0.00168493910018 
-0.00336738257024 
-0.00168240801335 
0.0 
-0.00671530680488 
-0.00839509275169 
-0.00671044424175 
-0.00838779527225 
-0.0117349681104 
-0.0150726358039 
-0.0117102021329 
-0.00836152984915 
-0.00334215300113 
-0.00166859509707 
0.0 
0.0 
-0.0016624227067 
0.00830045969226 
0.0115977685224 
0.0132372818472 
0.0198129634426 
0.0181423134717 
0.0115421224129 
0.0115311408929 
0.00987438330793 
0.00657585573984 
0.00820925936771 
0.00983954254703 
0.00818340101527 
0.0081810629733 
0.00981087903283 
0.00490352201925 
0.0 
0.0 
0.0049028510128 
0.0049048431699 
0.00163514600446 
0.00327089533618 
0.00490691846119 
0.0032702842851 
-0.00490136330236 
-0.00816855082652 
-0.00653463642272 
-0.00653403225524 
-0.00326745617749 
0.00163400090924 
0.00163485257064 
0.00163495020026 
0.00326810946081 
0.00490198272187 
0.00163528804283 
-0.00163704183799 
0.00163742554677 
0.0 
-0.0098452294218 
-0.00985209521459 
-0.00657314545393 
-0.00657434110501 
-0.00493429399081 
-0.00493716090057 
-0.0065858479367 
-0.0065858479367 
-0.00494125328847 
0.0 
0.0 
-0.00494855605956 
-0.0115541032326 
-0.0148813665806 
-0.0115837800208 
-0.00662572449521 
-0.00829054165221 
-0.00996865186966 
-0.00664939179745 
-0.00332843110835 
-0.00166704204144 
0.00167037346986 
0.00836001727253 
0.0117302067353 
0.0150924075528 
0.0167780738369 
0.0168014483547 
0.0168217978674 
0.0185357961503 
0.0168819514154 
0.0202671239859 
0.0219900297674 
