0.6325125 
0.632823011252 
0.638370911878 
0.644903406197 
0.582431889483 
0.457225680097 
0.350772810966 
0.244254467547 
0.194288254352 
0.118958836859 
0.0751578607994 
0.0375862268884 
-0.00625348736734 
-0.0313340621094 
-0.0688300589256 
-0.100196465527 
-0.125261244399 
-0.137777723727 
-0.156584705096 
-0.175370964828 
-0.181636797365 
-0.18790503353 
-0.187886135517 
-0.1879047005 
-0.187888734499 
-0.18187346559 
-0.181403603212 
-0.181593611757 
-0.175370805591 
-0.169102574073 
-0.175373156388 
-0.162838859777 
-0.156579835643 
-0.15030827645 
-0.144047779468 
-0.137790105922 
-0.131527978364 
-0.125269197325 
-0.119006244119 
-0.106475282636 
-0.100217056502 
-0.0941476913668 
-0.0813056383064 
-0.0751042369024 
-0.0626293160531 
-0.0626275094146 
-0.0563647748806 
-0.0501047921409 
-0.0438481956684 
-0.0375768560438 
-0.0250537272064 
-0.0187964932915 
-0.0188156879931 
-0.0125081807241 
-0.00626225675549 
-1.11377018926e-06 
-1.06179164123e-07 
-0.0125241154887 
-0.0375755822661 
-0.0688900218823 
-0.0939378018973 
-0.0876856902453 
-0.068899177257 
-0.0438473737863 
-0.0125314223776 
0.0125201799645 
0.0313132412049 
0.0375787371384 
0.0187949432249 
0.0313139059388 
0.037575020039 
0.0375834136302 
0.0438361191283 
0.0564272497705 
0.06882555104 
0.0563629214739 
0.0250572322534 
0.00626769149678 
-0.00626019635762 
0.00626154062494 
0.0313051493488 
0.0563600076082 
0.0751537491888 
0.0876830929933 
0.10020266993 
0.112723899553 
0.119000214248 
0.125407559554 
0.125127034645 
0.10648891153 
0.0876678042626 
0.0689936843454 
0.068795124213 
0.056361590067 
0.0501041704901 
0.0501136157523 
0.056356732944 
0.0626304892293 
0.0688919558371 
0.0752303304467 
0.0750792787867 
0.043838329005 
0.0313298015123 
0.025054297227 
0.0187903131441 
0.0125202162078 
-0.00626001931757 
-0.00626320881879 
-1.26706976371e-06 
0.0125235863446 
0.0188017221903 
0.0187741682855 
0.00626434760465 
-0.00626533962645 
-0.0187700576658 
-0.0313296297807 
-0.0500759819976 
-0.0501027970615 
-0.0438445568931 
-0.0376301056946 
-0.0250224790514 
-0.0125257465595 
0.00625964832539 
0.0125239860768 
0.0187888984181 
0.0187886978814 
0.0125280513607 
0.0125258440416 
0.0125267974178 
0.0187864321651 
0.0187875258971 
0.0187875703794 
0.0125274558386 
0.00627226268218 
0.0062565496598 
0.00626137430034 
0.00626395052846 
0.00626198797084 
0.00626282684726 
1.26364952254e-06 
-0.00626801118442 
-0.00625580384202 
-0.012523614765 
-0.0187864724132 
-0.0250722000648 
-0.0250305194905 
-0.025085157385 
-0.0250158659073 
-0.0187960728916 
-0.0187769932935 
-0.0250504680753 
-0.0187900757009 
-0.025050995598 
-0.0375802725042 
-0.0563654431737 
-0.0626249176008 
-0.0501076567888 
-0.0439006345376 
-0.0562942999962 
-0.0751547619595 
-0.0939412362726 
-0.112733277152 
-0.118997079347 
-0.131734537532 
-0.12508347774 
-0.125225506354 
-0.118993511027 
-0.131688159632 
-0.14386111077 
-0.150304350502 
-0.131529907998 
-0.112738347229 
-0.0939457047456 
-0.0876863380587 
-0.068899031461 
-0.062633914031 
-0.0626263846908 
-0.0627043448405 
-0.0688085700923 
-0.0815027728985 
-0.0938494055508 
-0.112707598123 
-0.0939461929395 
-0.100213981865 
-0.100215690813 
-0.112737495127 
-0.125414675651 
-0.118833470038 
-0.100219105653 
-0.0876744137788 
-0.0752284219502 
-0.0876070444923 
-0.0939394855977 
-0.100216507413 
-0.0939441400524 
-0.0626324824993 
-0.0563675508018 
-0.0626312466692 
-0.0563686435087 
-0.0375791385816 
-0.0313181366705 
-0.0187917266295 
-0.0125281341386 
-0.0125261449024 
-0.0125260862963 
-0.0250528700984 
-0.0125279439877 
0.0187835482194 
0.0375748366951 
0.0375877115044 
0.0187906339147 
0.0250519813928 
0.0375758769698 
0.0438425926987 
0.0438403064895 
0.0501484573189 
0.0750752850993 
0.0751497764456 
0.0626383679182 
0.0376000834685 
0.0375647246851 
0.0375772098675 
0.0375794608249 
0.0375976274242 
0.0375647179483 
5.90246937227e-06 
-0.0250463186984 
-0.0375746653201 
-0.0626238507045 
-0.0626349191315 
-0.0376011648342 
-0.0313052982746 
-0.0313148745687 
-0.0250540319794 
-0.0187909784835 
-0.0250522763508 
-0.0313160453212 
-0.0313556876717 
-0.0375293483271 
-0.037573597741 
-0.012539254329 
-0.00626186786619 
-0.00626232948472 
-0.0250476067883 
-0.037607673676 
-0.0312879245564 
-0.0313118196355 
-0.0375826358554 
-0.0313142278931 
0.00625576260091 
5.54190406668e-07 
-0.00627018884553 
-0.0125078011536 
-0.0375706929895 
-0.0501033881587 
-0.0438411416582 
-0.0439080259621 
-0.0500310305824 
-0.0438299800256 
-0.0313180150526 
-0.0375781268673 
-0.0125316694579 
0.00625882450415 
-0.00626978352441 
-0.006254350578 
-0.0125201053379 
-0.0125246203714 
-0.0125343901401 
-0.012518475137 
-0.0188184374782 
-0.0375211174347 
-0.0500823113402 
-0.0125314363233 
0.0187842467367 
0.0188130686058 
0.0125103231257 
9.87903702957e-07 
0.0187860207776 
0.0313126362412 
0.0187919912528 
0.0187896083153 
-0.00625801324757 
-0.0250485386374 
-0.0313116476032 
-0.0501011878822 
-0.0438445693182 
-0.0501033570161 
-0.0626975890324 
-0.0625596419366 
-0.0751496586249 
-0.0688922718919 
-0.068892446094 
-0.0814737924347 
-0.0814086818052 
-0.0939777665205 
-0.106380192685 
-0.112730888061 
-0.0878154899971 
-0.081306438998 
-0.0876687881619 
-0.0814198843173 
-0.0814127513429 
-0.0876849957997 
-0.0751632997722 
-0.0626375889467 
-0.075155775583 
-0.0876833392257 
-0.0689017372067 
-0.0501068580338 
-0.0688916135292 
-0.0751542229919 
-0.0751578193409 
-0.0814182606142 
-0.106475090671 
-0.112735888432 
-0.119004426145 
-0.125370597134 
-0.125160116243 
-0.131504565345 
-0.119116579604 
-0.106374862812 
-0.100206032921 
-0.0751603924856 
-0.0688990866402 
-0.07515511457 
-0.0814196571538 
-0.0940088473138 
-0.0876324191345 
-0.0814150534398 
-0.0814182664846 
-0.0751981819781 
-0.0688603604315 
-0.0751544140791 
-0.0751566830366 
-0.100320274041 
-0.112606643322 
-0.10645189694 
-0.106553695183 
-0.125173801128 
-0.131592407898 
-0.118934253983 
-0.10646778805 
-0.100218370194 
-0.0751662351453 
-0.0814140198075 
-0.0876902992859 
-0.0877437522073 
-0.106401747285 
-0.100208549428 
-0.0939510876875 
-0.100207655 
-0.0814352411634 
-0.0814170812632 
-0.0751558806738 
-0.0626375766037 
-0.0439388960661 
-0.037524380204 
-0.0438343994493 
-0.04381287225 
-0.0438397329321 
-0.0438423944294 
-0.0375798919262 
-0.0438421510923 
-0.0438445555717 
-0.0501821593121 
-0.0562874411357 
-0.0626129845697 
-0.056362915549 
-0.0438423966197 
-0.0375814663414 
-0.0376233373273 
-0.0437901740954 
-0.0438369810585 
-0.0501058750107 
-0.0563640454807 
-0.0501090227247 
-0.0688874054492 
-0.0688840945574 
-0.0689018753646 
-0.0814143346547 
-0.0940127988676 
-0.112667664147 
-0.112846712525 
0.0062403260209 
0.00626071610135 
-0.00626096073176 
-0.0125258619846 
-0.06261744958 
-0.0876814335755 
-0.0876879866103 
-0.131522952597 
0.00623609198237 
0.0250698834641 
-0.00625263198521 
-0.00626219244433 
-0.0564391127297 
-0.062544429814 
-0.11894637551 
-0.119001508768 
-0.162832976528 
-0.150322011808 
-0.137801047788 
-0.144043184604 
-0.12527095856 
-0.106560187881 
-0.100136539062 
-0.112733923621 
-0.112736367822 
-0.131524159067 
-0.125270979451 
-0.106482872437 
-0.0876887100116 
-0.0688981696122 
-0.0626965996008 
-0.0500808818737 
-0.0500870930762 
-0.0375770502897 
-0.0501022972109 
-0.062629422938 
-0.0438439496036 
-0.0313388729743 
-0.0250409354988 
-0.0250581159147 
-0.0313037127328 
-0.0376193143306 
-0.0625569484434 
-0.0688866080175 
-0.0501053432443 
-0.0438423061598 
-0.0438407903475 
-0.056366643933 
-0.0501039593632 
-0.0313653424194 
-0.0187661729957 
-0.0250818805908 
-0.0437817378896 
-0.0501108189193 
-0.0375712051294 
-0.0438863036708 
-0.0625581124539 
-0.0814121292851 
-0.100197337475 
-0.112843256506 
-0.13139520969 
-0.137819008413 
-0.150267419572 
-0.150330244869 
-0.150295519151 
-0.150316363408 
-0.144076674078 
-0.144037161105 
-0.137795318252 
-0.131525388889 
-0.12526561339 
-0.125270877934 
-0.112745054369 
-0.106473948819 
-0.100195327452 
-0.100210488065 
-0.0939463463537 
-0.0876868941769 
-0.0815071186968 
-0.0750872727009 
-0.0688874785346 
-0.0688953082175 
-0.0564318738122 
-0.0500572947464 
-0.0501153222292 
-0.0500941980105 
-0.0438399047395 
-0.0375794281233 
-0.0313426506087 
-0.0312826437209 
-0.0250531801255 
-0.0250520222001 
-0.018819136949 
-0.018765508405 
-0.0125299543812 
-0.0125192737358 
-0.00626390221259 
-0.00626332238619 
-1.29706613009e-06 
-1.24436650996e-07 
-1.99955857193e-08 
-6.44336552398e-10 
0.00626162981953 
0.0062632460078 
0.0313113285002 
0.0626249539203 
0.0876768699033 
0.118993981601 
0.131636738597 
0.12516058023 
0.106590983418 
0.106349744563 
0.0939338507422 
0.0814214156463 
0.0939415606764 
0.0940125277977 
0.0813869686033 
0.0626253763132 
0.0438456411124 
0.0187941716399 
4.30177841861e-06 
-0.0187843821985 
-0.0250503317401 
-0.0250533426208 
-0.0313130431232 
-0.0313157604425 
-0.0375761455429 
-0.0375789737107 
-0.0438412047854 
-0.0438400974794 
-0.0438420848873 
-0.0500989285853 
-0.0501077314745 
-0.0501092898351 
-0.0501044984251 
-0.043840563409 
-0.0501067561833 
-0.0501030092617 
-0.0501038373501 
-0.0501026060091 
-0.0439181483995 
-0.0437796828075 
-0.04385043171 
-0.0438224929979 
-0.0438386331946 
-0.043841816054 
-0.0501022757577 
-0.050104255272 
-0.0501035549982 
-0.0438458769742 
-0.0438407866209 
-0.0375836969077 
-0.0375775003652 
-0.03131415102 
-0.0250534645666 
-0.0187894851434 
-0.0187892629505 
0.0125200577587 
0.0501015010371 
0.0751575489414 
0.081419780793 
0.0940274235889 
0.112646795669 
0.100200828057 
0.0814240217989 
0.062641272823 
0.0375817928979 
0.0250923811559 
0.00625641212383 
6.16538960857e-07 
-0.00626162115202 
-0.0125397836801 
-0.0125112166621 
-0.0187859950124 
-0.0187887774203 
-0.0250528081781 
-0.0250615225372 
-0.0313066366231 
-0.0313133008284 
-0.0313403312129 
-0.0312879154345 
-0.0250535553857 
-0.025050483786 
-0.0250520955634 
-0.0250528703098 
-0.0250826834469 
-0.0250250874693 
-0.0250540650665 
-0.0251173465442 
-0.0312746629152 
-0.0250191145339 
-0.0187859724191 
-0.0125416064485 
-0.0125114163923 
-0.0125397818366 
-0.00629706085876 
-0.00625450402497 
-1.10397527351e-07 
-3.00668009385e-09 
0.00625666134427 
0.00626368682766 
0.0125307092418 
0.0125181085163 
0.0125265786612 
0.00626422340117 
0.0125250425816 
0.0125444543222 
0.0125086433701 
0.0125244084543 
0.0187925474395 
0.0187935389579 
0.0188074745854 
0.0250165263152 
0.0250483958945 
0.0250519429511 
0.0187915944012 
0.0187902279451 
0.0125272182113 
0.0125261291943 
0.0125264556572 
0.0125274227562 
0.0125389632326 
0.0187726384169 
0.0125227647628 
0.012526294009 
0.0125246570248 
0.0125261146896 
0.0125265746722 
0.0187866224109 
0.0125272609819 
0.0125269433984 
0.0125419192849 
0.00625598422357 
-0.0125297574695 
-0.0438123911683 
-0.0688807794078 
-0.118989141207 
-0.144182818662 
-0.137661531137 
-0.118985980688 
-0.0939514234922 
-0.0689027854826 
-0.0438478761169 
-0.0250555737886 
-0.0187916274314 
-0.0125377397923 
-0.0125210982225 
-0.00626259645321 
0.00626743390935 
0.0187634118649 
0.0250552024641 
0.037562096307 
0.0438392855787 
0.0438408790529 
0.0438404846093 
0.0438387357383 
0.0438444325936 
0.0438436761339 
0.0375822778057 
0.0375798936721 
0.00626960916011 
-0.0313083784543 
-0.0376112619335 
-0.0375473624822 
-0.0250523234864 
-0.018807262291 
-0.00626034009323 
-1.02522211374e-06 
0.0125235602465 
0.0187868301321 
0.0125271298798 
-0.0062639433579 
-0.0375377212041 
-0.075147412194 
-0.100198206525 
-0.112730667496 
-0.112824890068 
-0.118904082772 
-0.150291639015 
-0.1628338745 
-0.16284658613 
-0.156786725095 
-0.131375314794 
-0.11272091828 
-0.100214563069 
-0.0939992492698 
-0.118930319908 
-0.144046066285 
-0.156710995644 
-0.206688999079 
-0.319098489509 
-0.394746589593 
-0.450707079942 
-0.482259290248 
-0.488512459457 
-0.501044705765 
-0.482265275859 
-0.457183057767 
-0.450877408609 
-0.444692736583 
-0.432183448231 
-0.413961535973 
-0.381529636616 
-0.325632755782 
-0.26304549699 
-0.231754154719 
-0.206700305527 
-0.187886113691 
-0.175370307562 
-0.156593057822 
-0.156557183654 
-0.162837622993 
-0.131545385443 
-0.106472951893 
-0.0814318699622 
-0.0688964561763 
-0.0564464512051 
-0.0375310331809 
0.00625943850016 
0.0689214971845 
0.131424470375 
0.11273630341 
0.0939569883787 
0.100156967906 
0.0814173288488 
0.025066634177 
-0.0626065894384 
-0.131681189282 
-0.181379981096 
-0.194128014549 
-0.200429067563 
-0.244249786775 
-0.257011473072 
-0.275323693501 
-0.275599805285 
-0.225447141717 
-0.169114617191 
-0.162831344333 
-0.175360682958 
-0.194152046648 
-0.21315059381 
-0.21896786419 
-0.237987944167 
-0.244455892074 
-0.244367470172 
-0.237840119892 
-0.231629786385 
-0.194258115939 
-0.150376686967 
-0.100140835412 
-0.0876754183993 
-0.0626346793615 
-0.0438964468189 
-0.0313034374888 
-0.0187794024306 
-0.0125259883382 
-0.0250481648252 
-0.0313142313834 
-0.0501038263381 
-0.0563612848071 
-0.0438464704277 
-9.17106449053e-06 
0.025048605745 
0.0626239220976 
0.0751543992514 
0.0563740674149 
0.0438425585306 
0.0376231804009 
0.0187696496188 
0.01252576208 
0.00627081677883 
1.05797059386e-06 
-0.0187848125138 
-0.0626251226016 
-0.0814182516185 
-0.0814284626336 
-0.131513505719 
-0.169093573575 
-0.150315617165 
-0.144053718045 
-0.212926551703 
-0.219456927445 
-0.23147453237 
-0.244202359203 
-0.237993558211 
-0.263054448727 
-0.307176539922 
-0.306653685691 
-0.338230233649 
-0.338164445927 
-0.36324417949 
-0.382206296021 
-0.413295294769 
-0.419435516213 
-0.419571373258 
-0.425895718155 
-0.425906527001 
-0.426477953423 
-0.425312070348 
-0.444580730018 
-0.432745319598 
-0.431580134003 
-0.44467170862 
-0.400728466184 
-0.38845978822 
-0.38207011329 
-0.381921108309 
-0.382576355443 
-0.362781013752 
-0.344435281116 
-0.313161881116 
-0.294417611251 
-0.300612746261 
-0.288114641643 
-0.275612510313 
-0.250586597293 
-0.250435838885 
-0.225472903587 
-0.231944024284 
-0.231494675137 
-0.219182770728 
-0.187909890796 
-0.175386582242 
-0.144054703328 
-0.137802739652 
-0.137785199399 
-0.125264572109 
-0.15657072855 
-0.187884117318 
-0.162843311685 
-0.119014921558 
-0.100213328375 
-0.0626416956718 
-0.0438481466836 
-0.0626334812763 
-0.087673329239 
-0.106498617472 
-0.131478745707 
-0.15658379505 
-0.169095266092 
-0.175381227658 
-0.169098683234 
-0.169091212569 
-0.156571730299 
-0.144062732497 
-0.137790560979 
-0.131515497015 
-0.125265535065 
-0.1252646176 
-0.112738556603 
-0.100216466184 
-0.0876914493164 
-0.0751646845716 
-0.0877810643616 
-0.0625580732892 
-0.0563629964652 
-0.050139230171 
-0.0375577590943 
-0.0375787444482 
-0.0313665216674 
-0.0500334655375 
-0.0187838931706 
-0.0125280324525 
-0.00626465622832 
-0.0125253196573 
0.00626620284684 
0.0187603454181 
0.00626267007835 
2.0700634176e-06 
0.031267973061 
0.0250565086916 
0.0313034337856 
0.0250489345679 
0.0250525034742 
0.0627040593041 
0.0875654450609 
0.106459033947 
0.118999638154 
0.156551959145 
0.119004268433 
0.125258615204 
0.150319549557 
0.162848459465 
-0.118943623508 
-0.131520683831 
-0.150431762917 
-0.162714395794 
-0.106477656242 
-0.0626459821371 
-0.0187966925898 
0.0250519367908 
0.0625998727943 
-0.0312972357374 
-0.025051201061 
-0.0626225146811 
-0.0877587945593 
-0.0563186832312 
-0.08141178752 
-0.0563729526251 
-0.0626316731115 
-0.0563745199685 
-0.0438922087049 
-0.187666415589 
-0.175342396018 
-0.0751823383026 
-0.112728394163 
-0.0940323153164 
-0.0563242699272 
-0.0501288402969 
-0.0688546882385 
-0.0814200336806 
-0.106459621412 
-0.0939456375295 
-0.131525285433 
-0.119002394536 
-0.0376285672592 
-0.125163948916 
-0.125252151102 
-0.131527380068 
-0.137783280596 
-0.119020604632 
-0.1064770005 
-0.0689913509631 
-0.0625487089559 
-0.0688926372192 
-0.0438452101183 
-0.0501408592981 
-0.050067838944 
-0.0438435795364 
-0.0438448896674 
-0.0501031922673 
-0.0563657389216 
-0.0626292343427 
-0.0688939896942 
-0.0563760728849 
-0.0626282896471 
-0.0626260419262 
-0.0563675291668 
-0.0627049707218 
-0.0563028490282 
-0.0563855762108 
-0.0501211659176 
-0.0563194489567 
-0.0438384637291 
-0.0438453858733 
-0.0250562323486 
-0.0187922719982 
-0.0250519556922 
-0.0250537312424 
-0.0438343195405 
-0.0375784185623 
-0.0313172396933 
-0.0313176144059 
-0.0250538620804 
-0.0188147298611 
-0.0187655804477 
-0.00626279336827 
0.0187850358998 
0.0313101306719 
0.0250663463685 
0.0125235067385 
0.0125253590318 
0.00627133402021 
0.012513467646 
0.00626291861662 
1.22769399411e-06 
-0.0125236739456 
-0.0187865479759 
-0.0250524223362 
-0.031312818696 
-0.0187926860034 
-0.0125290408745 
-4.73145692318e-06 
0.00625336655827 
0.00626247877964 
0.0187981566848 
0.0500622438493 
0.0751834386074 
0.0939005746184 
0.0876765883761 
0.100211408008 
0.13152785181 
0.106469325399 
0.100215381189 
0.0877976985254 
0.0688243164295 
0.0877589419474 
0.106360924839 
0.112726226515 
0.137976050323 
0.162620541517 
0.15654262464 
0.144044402347 
0.150327878452 
0.150294500657 
0.156573905314 
0.169110165602 
0.187882134401 
0.200401766838 
0.212936089832 
0.231728323997 
0.225480647626 
0.231751220425 
0.238027743206 
0.244234226661 
0.256774793787 
0.281833056139 
0.306879390448 
0.319424234771 
0.350721955193 
0.356963304628 
0.363348163376 
0.356947268564 
0.369535326304 
0.363262432827 
0.338225903824 
0.338540322991 
0.337901388009 
0.331928039179 
0.325687641909 
0.313175962506 
0.294353369576 
0.275575322395 
0.269733915364 
0.275172089563 
0.262983070062 
0.2254623999 
0.206693648385 
0.181892041279 
0.168879311771 
0.162827063699 
0.187882620345 
0.187889284524 
0.188062317659 
0.175295598873 
0.156508296031 
0.169101478155 
0.169104060843 
0.175365793148 
0.175374146446 
0.156684520109 
0.150228227545 
0.131518800268 
0.144049575555 
0.125249235609 
0.100273095542 
0.112683343084 
0.119086928394 
0.0938795371493 
0.0939394728591 
0.100215383308 
0.0626306447908 
0.0501049633521 
0.056365066843 
0.0313171328192 
0.0125295352198 
-0.0125318787679 
-0.0187665754703 
-0.0250787901542 
-0.0375312386189 
-0.0438340791932 
-0.0626276046183 
-0.0688897725832 
-0.0438405634613 
-0.0313162175787 
-0.00626899039535 
0.006259824437 
0.0250485255938 
0.0125289014321 
0.0125418948877 
0.031272973929 
0.0626195932114 
0.0626594098788 
0.0563473340024 
0.0626242146131 
0.0814140572654 
0.0689008060389 
0.0688981772591 
0.106465508575 
0.100217846251 
0.11277441944 
0.169040267914 
0.187880697814 
0.162838184424 
0.162850867178 
0.175369316751 
0.144052353975 
0.156583073967 
0.137796973915 
0.125365547464 
0.100148253354 
0.131521008013 
0.144236099516 
0.143873237794 
0.125259362125 
0.0939506256756 
0.0939456964313 
0.0877116141744 
0.0751451603975 
0.075157006117 
0.0814185437223 
0.0563757375851 
0.031319673744 
0.025053694582 
0.0375760229622 
0.0626283550307 
0.081524238879 
0.0813089921336 
0.0688779709319 
0.068898149441 
0.0563616565838 
0.0313211882901 
-0.00625496885742 
-0.0187990551892 
-0.0813537898859 
-0.187867038153 
0.0876417340829 
0.0940016258391 
0.144036415143 
0.175226977059 
0.131532553733 
0.0814301839073 
0.018803571364 
-0.0187932372946 
-0.0813405066493 
-0.106455280284 
-0.131528762402 
-0.0313334135508 
-0.0250803331721 
-0.0313083986654 
-0.0125209843684 
0.0125210960308 
2.0013773235e-06 
-0.00626232457164 
-0.00626282500202 
0.0313077146939 
0.0501794053186 
0.043777890192 
0.0563814086863 
0.0438249230637 
0.0563929564368 
0.0501193610753 
0.106398453671 
0.043849038441 
0.0438476598996 
0.0438372865363 
0.0376069784594 
0.0500640654958 
0.056363118029 
0.0688964068606 
0.075155030512 
0.0814231185499 
0.081424131344 
0.0814224287071 
0.0751585195183 
0.0688971841695 
0.0688902568908 
0.0688975375359 
0.0751549079753 
0.0688981929833 
0.0688979187736 
0.0688948160283 
0.0688956319572 
0.06894118295 
0.0688516862252 
0.0689704972122 
0.062562096132 
0.0563614043218 
0.0563947829465 
0.062610807041 
0.0626894719951 
0.0563571925301 
0.0563151992361 
0.0501041158055 
0.0501758270431 
0.0500360532791 
0.043831862652 
0.0375778532499 
0.0375820701543 
0.0375765679181 
0.0375759484792 
0.0375806852217 
0.0376284862424 
0.0500343027958 
0.0814096980988 
0.0939403051904 
0.11274287364 
0.137932987621 
0.131371087241 
0.118998008821 
0.100239129747 
0.0876593592886 
0.0689950571709 
0.0625490602705 
0.0500979979881 
0.0376419751843 
0.0375281060277 
0.0626045350353 
0.0564057095895 
0.0501340553511 
0.0563057672465 
0.0752091650528 
0.0750892372956 
0.0689103077007 
0.0751404920691 
0.0939351326425 
0.112719945513 
0.11900053144 
0.119005001751 
0.106469273972 
0.106472080106 
0.112860411879 
0.118885408074 
0.137771069738 
0.144053296945 
0.131526539239 
0.119006414467 
0.11273342983 
0.106477385864 
0.0940340411169 
0.0876076091737 
0.106472957296 
0.118990804638 
0.125273609059 
0.106476013917 
0.0939446628137 
0.100207520835 
0.10020297246 
0.112740229424 
0.118990441506 
0.118994690055 
0.119000843063 
0.125257820049 
0.131517095844 
0.144043374369 
0.144051905156 
0.150328183537 
0.144050513056 
0.137792382921 
0.125268903496 
0.125298549211 
0.118971664128 
0.118999054293 
0.112821493677 
0.106408440106 
0.112720281075 
0.112823285941 
0.10014722439 
0.0939832231001 
0.0939003817129 
0.0876845592704 
0.0939430218109 
0.106469683243 
0.112723172761 
0.106473212523 
0.0814237674158 
0.0438487457726 
0.0313159225252 
0.0250549980426 
0.0250506336155 
0.0313450758939 
0.0437967110653 
0.0500981356508 
0.0501028601526 
0.0563684614739 
0.0500943311475 
0.0501046706407 
0.0375821903713 
0.0375792019561 
0.0313467925446 
0.0375445676568 
0.0501002117053 
0.0501074564518 
0.0438442686949 
0.0375818315655 
0.0501040353012 
0.0501017391921 
0.0501033925939 
0.043840061812 
0.0438437788482 
0.0438454178002 
0.0563641543323 
0.0501067861042 
0.0438491298018 
0.0375783738184 
0.0250550779086 
0.018788085181 
0.0250538903155 
0.0375741514942 
0.037578520186 
0.0313159543465 
0.0250552677647 
0.0125393163516 
2.51089919017e-06 
0.00626187750596 
0.0125252486812 
0.0188084026806 
0.0250201890408 
0.0250500385835 
0.02505319041 
0.0250760160952 
0.0250272248818 
0.0250738536483 
0.0312866345055 
0.0313121493838 
0.031313890595 
0.0313173894432 
0.0313102822137 
0.0313430270984 
0.050055010928 
0.0688846083485 
0.0688919497669 
0.0626374064144 
0.0563740969333 
0.0688904066652 
0.0814287843467 
0.081408924504 
0.0688935980612 
0.0375824191787 
0.0250578877705 
0.0125307903626 
0.0187877166124 
0.0438368615183 
0.0501531671797 
0.0501053903013 
0.0375418894691 
0.0250523540463 
0.0313101924496 
0.0375673512034 
0.043837889337 
0.0438450794634 
0.0563666432438 
0.050107373147 
0.0375810774185 
0.0313169171134 
0.0250555731787 
0.0313128119945 
0.0250526785513 
0.0187912440268 
3.70898920085e-06 
-0.0125235621288 
-2.13543139726e-06 
0.0250463959766 
0.0375796609777 
0.0438370410628 
0.0563654808783 
0.0814257625489 
0.112713840281 
0.144239707716 
0.150109926146 
0.162815117242 
0.150330072906 
0.131519791847 
0.106474274786 
0.100218955337 
0.106477248832 
0.118982911689 
0.137785008146 
0.156744881198 
0.175285810461 
0.175291598201 
0.181594903659 
0.181854612069 
0.181421285865 
0.181606801474 
0.169093396943 
0.162841484188 
0.156566979316 
0.15657443761 
0.156728960901 
0.1501905634 
0.144029358271 
0.131529931038 
0.131523946863 
0.125263599765 
0.119000458195 
0.112734972977 
0.112721982532 
0.112844831893 
0.106371644242 
0.106507049645 
0.106441530966 
0.100204553145 
0.09408301129 
0.087572091103 
0.0813954476456 
0.0751570150922 
0.07515756542 
0.100200258382 
0.118994494895 
0.13779019293 
0.162846768585 
0.1753697436 
0.162853489723 
0.150343021783 
0.118981295702 
0.0939361737041 
0.0751617294842 
0.0626358325952 
0.0563743799062 
0.0501244542583 
0.0375666123647 
0.0313157031944 
0.0187906429394 
0.0125273646064 
0.00626453192894 
1.45070733131e-06 
1.36444803676e-07 
0.00626243982112 
1.14648043932e-06 
-0.00627006562118 
-0.0125080960372 
-0.0187845399891 
-0.0187903639096 
-0.0250525336337 
-0.0188199312376 
-0.0187637123088 
-0.0125238316655 
0.012521562245 
0.0125249758297 
0.0187887452554 
0.0313136897645 
0.031317128757 
0.0187931831719 
0.012527678288 
0.00626449967316 
-0.00626069080356 
-0.0187863513443 
-0.0250839380166 
-0.0250166381036 
-0.0250459058932 
-0.0313141393292 
-0.0313193556796 
-0.0313139737654 
-0.0313172699459 
-0.00626879208528 
0.0187938691671 
0.056331833583 
0.0751549439647 
0.068900304823 
0.0563582772077 
0.0438186277278 
0.0375722038219 
0.0438417101906 
0.0501044449385 
0.0751581724982 
0.0876790249252 
0.0940074925894 
0.0938795530085 
0.0877497002813 
0.0813697236102 
0.0563610718082 
0.0375933135872 
0.0125282465051 
-0.00626597952468 
-0.0250142777204 
-0.0375683958938 
-0.0501045884789 
-0.0626292017099 
-0.043846726777 
-9.23867484392e-06 
0.0250711004754 
0.0563029468515 
0.0501025760499 
0.0375803920537 
0.0250557443183 
0.0188067565664 
0.0187755950088 
0.0187881530972 
0.0313125785216 
0.0313168938855 
0.0187923953493 
0.00626582322158 
1.44982114727e-06 
0.0125296477059 
0.0563962673493 
0.0875781984048 
0.100203748769 
0.0940686157841 
0.0875744391245 
0.0563673472034 
0.0313291163702 
0.012530058215 
-0.00625733936896 
-0.00626255848709 
-0.0125248104795 
-2.41862755529e-06 
0.0250477358777 
0.0501347222236 
0.0813578357992 
0.0876809105915 
0.0814346997462 
0.081414827363 
0.081456030726 
0.0876770793025 
0.0938988887475 
0.106469384542 
0.1442539608 
0.156341149185 
0.181603518034 
0.194158880357 
0.194335113786 
0.200337868003 
0.206565898995 
0.21292951828 
0.219538887335 
0.225163019334 
0.219356955585 
0.225263197358 
0.225558861757 
0.187820497934 
0.181617392926 
0.187884774581 
0.18160401143 
0.175361984345 
0.181635605838 
0.156596605769 
0.144071867627 
0.144046729978 
0.14415885128 
0.150206269319 
0.131535080191 
0.100218407651 
0.0751606176806 
0.0438491190087 
0.0313208195415 
0.0313138128437 
0.0438936382505 
0.0437831941742 
0.0438303089469 
0.0438413342629 
0.03760692776 
0.0187791079815 
-0.00626375760972 
-0.0312803626972 
-0.0626217178295 
-0.1189785492 
-0.15657372197 
-0.194126907589 
-0.206670171201 
-0.212961109793 
-0.212931249837 
-0.231725995627 
-0.25053952795 
-0.256798376779 
-0.250536583333 
-0.231745599147 
-0.206682844069 
-0.212952798424 
-0.257044451523 
-0.281524219582 
-0.275540559391 
-0.269318467466 
-0.269324684846 
-0.275587301529 
-0.269323506532 
-0.275587965205 
-0.30062813753 
-0.319400716967 
-0.326049360704 
-0.356595358274 
-0.369474508815 
-0.350746698123 
-0.363262796152 
-0.369530048431 
-0.382057194888 
-0.394821703464 
-0.406850452532 
-0.407119638228 
-0.407638655187 
-0.387853383657 
-0.35066910766 
-0.338205905053 
-0.319889799587 
-0.312726311626 
-0.300607824481 
-0.306813745696 
-0.313158827157 
-0.326112639036 
-0.35029926776 
-0.363205668584 
-0.382039181281 
-0.394559313041 
-0.375787956607 
-0.382574535443 
-0.375299945133 
-0.375711346582 
-0.388829920761 
-0.431569830273 
-0.450906819976 
-0.444899569731 
-0.482043923425 
-0.532332355984 
-0.563690430077 
-0.601343735062 
-0.638822050429 
-0.657572742748 
-0.657600645476 
-0.651972738854 
-0.631991343632 
-0.613771789474 
-0.594964908505 
-0.557385495273 
-0.538637549883 
-0.520461133885 
-0.494190437304 
-0.488468640923 
-0.457169985292 
-0.457210673093 
-0.438411783247 
-0.432696186782 
-0.412884490439 
-0.400831715551 
-0.369509629678 
-0.357438402405 
-0.34408492223 
-0.338152147356 
-0.319399969044 
-0.313513756376 
-0.300498923869 
-0.294166951148 
-0.269316336921 
-0.250531139222 
-0.238012322773 
-0.219228062979 
-0.212940646302 
-0.194165411042 
-0.18162556434 
-0.162836742454 
-0.144212680222 
-0.131390072907 
-0.106455376567 
-0.0814285255862 
-0.0689581240053 
-0.0500614355948 
-0.0375768080139 
-0.0187923619564 
0.00625762790007 
0.0188043040455 
0.0375367968318 
0.043840741122 
0.0626207004696 
0.0751573669559 
0.0814351253803 
0.0751484747398 
0.0375859596353 
-0.00625368588237 
-0.0187859998177 
-0.00626511192756 
0.0187833548474 
0.0500966993835 
0.0689548503377 
0.0938611077275 
0.106469241029 
0.125247809671 
0.137785673271 
0.144058759723 
0.150533825821 
0.156344221457 
0.162815333878 
0.169100924963 
0.169226777229 
0.175253074986 
0.181633828553 
0.18163455872 
0.175373834356 
0.175370342755 
0.1753860161 
0.181814205972 
0.181413458081 
0.169079798523 
0.162843209005 
0.156589013944 
0.150331163347 
0.144057958182 
0.144047411996 
0.137797488391 
0.131529246729 
0.118998551494 
0.0814283657915 
0.0250653802449 
-0.00625570328092 
-0.0125257235073 
-0.0125393865557 
-0.0187687414818 
-0.0187920374463 
-0.0187857088035 
-0.0187885174634 
-0.006265988229 
-1.53071432128e-06 
-0.0125239479584 
-0.0313119777742 
-0.0501020328678 
-0.050106704205 
-0.0501433568847 
-0.0751030138474 
-0.0876824291122 
-0.106466824302 
-0.119002795783 
-0.13151503374 
-0.137775263987 
-0.137936454664 
-0.143885806382 
-0.137788953275 
-0.137781006002 
-0.125256795421 
-0.112739438987 
-0.118991733929 
-0.125251611356 
-0.125269137813 
-0.118988339706 
-0.119052370898 
-0.125206731031 
-0.125247647293 
-0.131522507762 
-0.15030933724 
-0.156581235587 
-0.156586043047 
-0.150328653575 
-0.156579609802 
-0.15031760143 
-0.144053524058 
-0.137770850667 
-0.118999930236 
-0.0939538508484 
-0.100327309081 
-0.100123978211 
-0.118945043207 
-0.131534040602 
-0.144207163797 
-0.150130470038 
-0.125253858962 
-0.100269617547 
-0.0938976912631 
-0.100202308197 
-0.106594271826 
-0.112641247677 
-0.0752034033093 
-0.0250313669311 
0.0313077776544 
-0.031325215886 
-0.00626097522647 
-0.00626425305469 
-0.0062718229312 
-0.00625500386971 
0.0313016537303 
0.0313231239628 
0.0751380558141 
0.087674416884 
0.0876899785766 
0.144035376761 
-0.212859471875 
-0.23799068815 
-0.325657677074 
-0.313147257107 
-0.250599925742 
-0.0689022197649 
0.0688700905309 
0.413295476138 
0.0501636936898 
0.0188327158536 
-0.0375221672145 
-0.106447062798 
-1.10832070291 
-0.695244001029 
-0.620125487609 
-0.100535544182 
0.28138887116 
0.275499418006 
0.400807834026 
0.369391330444 
0.112762379216 
-0.0375443266785 
-0.0876718638447 
-0.125425296897 
-0.0750533269505 
-0.0876722972501 
-0.0250661453115 
0.0312989037025 
0.0501032930212 
0.0751558433886 
0.0876812741917 
0.0876874880836 
0.0689016174138 
0.062630288841 
0.0626331358943 
0.0563699392946 
0.0438414578032 
0.0313190694522 
0.0125298805827 
0.0125266966972 
0.0125266890707 
0.00626450681093 
-0.00626057651926 
-0.0125252186116 
-2.41216514592e-06 
-2.28174053662e-07 
-0.0125233955931 
-0.031311297387 
-0.0814042387925 
-0.100244911083 
-0.11277819276 
-0.106392728073 
-0.0814224804981 
-0.0689975302329 
-0.0750512688375 
-0.0876644739013 
-0.0939828629334 
-0.112726444484 
-0.118959055013 
-0.0939480558424 
-0.100204856115 
-0.106481371162 
-0.119070518783 
-0.125182284166 
-0.131534136269 
-0.125257048622 
-0.106484860695 
-0.118993541965 
-0.13153835443 
-0.118977482496 
-0.125315537228 
-0.150246852076 
-0.1440450837 
-0.119018532767 
-0.118990992166 
-0.125260465566 
-0.112735012584 
-0.0939554733657 
-0.0876787440725 
-0.0939483629024 
-0.081426399531 
-0.0751620625916 
-0.0876861718906 
-0.0814207028851 
-0.0626347903406 
-0.0501053641667 
-0.0501046736148 
-0.0313188840949 
-0.0250558740951 
-0.0438401366593 
-0.068967836477 
-0.0688152423194 
-0.0313115730845 
-0.0187938611735 
-0.0313088142147 
-0.0500966177463 
-0.0751524884025 
-0.100198117219 
-0.118996468236 
-0.106483816945 
-0.0814243234742 
-0.0501133856768 
-0.0439018794074 
-0.0562985547369 
-0.0688853429553 
-0.056366062442 
-0.0375838252166 
-0.0375745064455 
-0.0438418534495 
-0.056365014779 
-0.0688922441787 
-0.0501112787635 
-0.03132125412 
-0.0125300700095 
-2.85923269462e-06 
-0.0125237768718 
-0.0250665782795 
-0.0438035419291 
-0.0563652237678 
-0.0688936337999 
-0.0814152097967 
-0.0876839673625 
-0.0876806035057 
-0.0939424785637 
-0.0939399704536 
-0.0939493418555 
-0.100211359052 
-0.100312690606 
-0.100123502181 
-0.100207275041 
-0.100208656048 
-0.100216278315 
-0.0939497130744 
-0.0876791941865 
-0.0814288767164 
-0.0814165609309 
-0.0815116356474 
-0.0750687882721 
-0.0751503163516 
-0.0688927482073 
-0.0688924133741 
-0.068895667276 
-0.0688843129731 
-0.0626331652824 
-0.0563712820621 
-0.0563652361874 
-0.0501118481678 
-0.0501036008865 
-0.0438435905343 
-0.0375803714161 
-0.0313186784191 
-0.018791936525 
-0.0250490782665 
-0.0250543010043 
-0.0250523870314 
-0.012529581315 
-0.0187894563589 
-0.0187881830514 
-0.0313122012393 
-0.0501014445155 
-0.0626813449735 
-0.0938609914365 
-0.10019800661 
-0.0940354156154 
-0.100126379118 
-0.10658445801 
-0.106358189545 
-0.0939354162012 
-0.112737781355 
-0.112727671843 
-0.100207881849 
-0.112829672765 
-0.118889355998 
-0.137777430404 
-0.150473083965 
-0.13764490301 
-0.131527408068 
-0.125253660822 
-0.106478487443 
-0.0752259654263 
-0.075103133568 
-0.0375994762189 
-0.0187840455565 
0.0125204754665 
0.0187856746949 
0.0187898720169 
0.0187877944357 
0.0188092970576 
0.00625680847861 
0.00626311336455 
0.0187877494783 
0.0250496510391 
0.00626689087092 
-0.0313446879366 
-0.0500420479511 
-0.0438675070011 
-0.0375428418947 
-0.0313124326407 
-0.0313457704221 
-0.025029327422 
-0.0563602487181 
-0.0876689701023 
-0.0876641218169 
-0.0814327015691 
-0.0751504889733 
-0.0563723498775 
-0.043845079266 
-0.0125335547574 
-0.00626536096743 
-0.0187869816476 
-0.00626531291464 
-1.44121906077e-06 
-0.0250466039931 
-0.0375774173068 
-0.025056447055 
-8.41931455718e-06 
0.031265347983 
0.0500951046303 
0.0501085469244 
0.0563685983814 
0.0438417230458 
0.0125323146848 
-0.00625897340521 
0.00626060924616 
0.0250495761504 
0.0250694807042 
0.0312967344684 
0.0375712942085 
0.0438963019583 
0.0375300215887 
0.0313135809015 
0.0187909173433 
0.0250538147954 
0.00627721381836 
-0.0125078527765 
-0.0125236850795 
0.00626439350232 
0.0250226564471 
0.0313161982298 
0.0313102566145 
0.0375762322031 
0.0375804336076 
0.00626805681469 
-0.0187880511813 
-0.0312996923529 
-0.0313122459121 
-0.0376203179383 
-0.0375328196472 
-0.0313137256196 
-0.00626727272206 
-1.65220514197e-06 
-0.0187836334841 
-0.0187888238949 
-0.0125238511031 
-0.00626454351576 
-0.0250491377977 
-0.0438391701899 
-0.0563659995608 
-0.0501088411837 
-0.0438438151477 
-0.0626293233818 
-0.0438436220633 
-0.0188032115639 
0.0125154485085 
0.025048393838 
-0.0062618525106 
-0.0187653622995 
-0.0313359801943 
-0.0250348048963 
-0.0375661746154 
-0.0438455884957 
-0.037570758773 
-0.0313077520867 
-0.0375776435378 
-0.0313274235614 
-0.00627521752225 
0.0187689095681 
1.85899952499e-06 
-0.0187839856638 
-0.0125266185779 
-0.0062644350017 
-0.0125251959164 
-0.0375735528871 
-0.0250541772648 
-0.0375752579822 
-0.0438413425354 
-0.0626242698643 
-0.0751476135107 
-0.0501111027705 
-0.0187953981749 
-0.00626455523141 
-0.0062614008094 
-0.00626325161071 
-0.0187919051784 
-0.0250413902085 
-0.0250591257487 
-0.0250493221412 
-0.0375828608676 
-0.0313093753325 
0.012518465074 
0.0313352681308 
0.0437884537304 
0.0438344918305 
0.0313170350139 
0.0250533670518 
0.0125316712065 
0.0125422202192 
0.0125092309536 
0.0375693442223 
0.0375797181337 
0.012531461666 
-0.0125210913285 
-0.0438360586978 
-0.0438641679727 
-0.0438770606664 
-0.0437896155585 
-0.0438417532347 
-0.0501007612076 
-0.06261464729 
-0.0563702172696 
-0.0313714861298 
-0.0562872236666 
-0.0563609832071 
-0.043841637135 
-0.0313563970113 
-0.0562978360423 
-0.037575557434 
-0.0375784321132 
-0.0438338734405 
-0.0250568359736 
-0.0187914225674 
-0.031312260552 
-0.0626532602351 
-0.0626343987661 
-0.0625983653944 
-0.0939524138467 
-0.10644419235 
-0.0876818072824 
-0.068895253251 
-0.0626298213335 
-0.0689672479459 
-0.0813339163497 
-0.0876966048447 
-0.0751434934853 
-0.0689217978077 
-0.0563492219581 
-0.0501343555995 
-0.0563373600362 
-0.0563621528073 
-0.0438405801213 
-0.0313173103266 
-0.0313133865347 
-0.0438406696695 
-0.0563640383029 
-0.0626368593223 
-0.0563644255578 
-0.0438451520614 
-0.0501054259426 
-0.0688909705255 
-0.0626314507845 
-0.0626348312202 
-0.0563744562356 
-0.0376096516578 
-0.0250374040841 
-0.0188117892681 
-0.0312775224687 
-0.0438375493084 
-0.0313195463295 
-0.0250555137064 
-0.0313159811949 
-0.0375819433592 
-0.0375754248576 
-0.0313179678488 
-0.0438393688423 
-0.0563646913429 
-0.075158081608 
-0.0814181642076 
-0.0876786521094 
-0.093952352329 
-0.0939327363028 
-0.0939430648652 
-0.10021109569 
-0.10649133283 
-0.0939979769746 
-0.062597606448 
-0.0438382795512 
-0.0313201153657 
-0.0188026330404 
-0.0125343149738 
-0.0250288701533 
-0.056363411658 
-0.0814282932329 
-0.0688945057947 
-0.0501824194729 
-0.050030213223 
-0.0688825042808 
-0.112731315082 
-0.12530305567 
-0.118963869451 
-0.100215081833 
-0.0814222247041 
-0.0689048289312 
-0.0563724640995 
-0.0501071369726 
-0.0501529353732 
-0.0500574449509 
-0.0501038137012 
-0.0501056692115 
-0.0250573429266 
-0.00626738092528 
-0.0125245712528 
-0.0187873954057 
-0.0125279006178 
-0.0125276067031 
-0.0125260178184 
-0.00626450587718 
-0.0125246567322 
-0.0250496052379 
-0.0438843765826 
-0.0813212038651 
-0.0876689237378 
-0.100202395457 
-0.125367957887 
-0.137647432888 
-0.162830873343 
-0.194153078772 
-0.213055153936 
-0.212910619563 
-0.212829361025 
-0.200447469067 
-0.169177776559 
-0.131500800825 
-0.125209127035 
-0.13782634181 
-0.125190989985 
-0.125263913476 
-0.100211420375 
-0.0689045350422 
-0.0563734765544 
-0.0438906283481 
-0.0250313721709 
-0.00626459733178 
0.0187839805696 
0.0375751695771 
0.0563599174358 
0.0626302284331 
0.0313192703508 
-0.0375649054806 
-0.0563659574452 
-0.0563693253575 
-0.0376359251483 
-0.0312742437056 
-0.0187882619847 
-0.00626765616172 
-0.00626819421272 
-1.19881801831e-06 
0.0125192846091 
0.0188120619533 
0.025017317731 
0.00626299489974 
-0.00626060497128 
-0.00626804304494 
-0.00625822038876 
-0.00626162001608 
-0.0187874159107 
-0.0250678772189 
-0.043803390543 
-0.0500969950679 
-0.0501052798316 
-0.0313183432485 
-0.0125430855541 
-0.0125177328365 
-0.0187887132164 
-0.00627413790857 
-8.40167381723e-07 
0.0062621065712 
-0.00626518134302 
-0.0250291082156 
-0.0313096834385 
-0.0501028348996 
-0.0375810201532 
-0.0313178775541 
-0.0375803394332 
-0.0187939029823 
-0.0187909519397 
-0.025051365558 
-0.0188030159444 
-0.0312935455458 
-0.0187896798122 
-4.30375557542e-06 
-0.00626019184406 
-1.01565761244e-06 
-9.44684418255e-08 
-0.00626196441569 
0.00626512144262 
0.00625812732323 
0.00626294050433 
0.018787288055 
0.0125280051304 
0.0187868608628 
0.0375729671443 
0.0438397601508 
0.0564186998252 
0.0689205572661 
0.093822551545 
0.119131399394 
0.131360861006 
0.131506073424 
0.13165259499 
0.112623396175 
0.062628089872 
0.0250634860891 
0.0125277106401 
2.67812447233e-06 
-0.0125379577363 
-0.0125110944257 
-0.0125251885569 
-0.00626405572053 
-0.0125256538547 
-0.00626419520521 
-0.0313136817218 
-0.0814044081618 
-0.0939477760226 
-0.0876774813602 
-0.0751572454802 
-0.0313250602829 
0.012516754832 
0.0125265922699 
-0.00625945945545 
0.006260805233 
0.0313133414087 
0.043838227454 
0.0250559409483 
0.00626717477091 
-0.00626028126705 
-0.0187860284443 
-0.0125279258504 
-0.0125254910566 
-0.0125265074913 
-0.0188134160677 
-0.0375257925741 
-0.0438380893674 
-0.0250548892701 
-0.025052121414 
-0.00626742378465 
-0.00626371583576 
-0.00626315786725 
-0.0125258915648 
-0.0187861640301 
-0.0062650438446 
-0.012524805459 
-2.27245063652e-06 
-0.0187858378353 
-0.043841541037 
-0.0375795212685 
-0.0250559400599 
-0.0375781238269 
-0.0313171503318 
-0.0250942365426 
-0.0312710267985 
-0.0313058581688 
-0.0250513018313 
-0.0626195845074 
-0.0940676932635 
-0.106332728735 
-0.0751633850866 
-0.0751401084226 
-0.100206355483 
-0.100204462883 
-0.100208030711 
-0.10647511169 
-0.112729693073 
-0.0876966583867 
-0.0626342673469 
-0.0751499029642 
-0.100203236705 
-0.1064818104 
-0.100209303527 
-0.0814302315312 
-0.0689016752538 
-0.0814169805435 
-0.0877534691662 
-0.0751043593886 
-0.0751859357541 
-0.0751257000311 
-0.100207976614 
-0.119078383752 
-0.112663242771 
-0.0814262544932 
-0.0563735993585 
-0.0627202250063 
-0.0625445112185 
-0.0626214159811 
-0.0438465089831 
-0.0313208825176 
-0.0500984558383 
-0.0626278660785 
-0.0563695997131 
-0.0501027108901 
-0.0626253556693 
-0.081415979197 
-0.100206057792 
-0.100222588983 
-0.0876873781384 
-0.0689027052476 
-0.0438504571549 
-0.0187942746169 
-0.00626605502204 
-0.00626349927189 
-0.0313122429255 
-0.0313126895769 
-0.0375745969382 
-0.0125308409749 
-2.9872547265e-06 
-2.78221171764e-07 
0.0125235387692 
0.0125269742243 
-0.00625940754877 
-0.0187992106815 
-0.0437977945789 
-0.0626273163641 
-0.0752214336147 
-0.0813390498473 
-0.0876758975861 
-0.0877887071229 
-0.100095089052 
-0.0939376648592 
-0.0876783464895 
-0.0876789604798 
-0.0877876256096 
-0.0813342415404 
-0.0814060794443 
-0.0752485328957 
-0.0688107526568 
-0.0688857488927 
-0.0626325537611 
-0.0563732115478 
-0.0563665618311 
-0.05011005616 
-0.0438429448439 
-0.0376099748249 
-0.0313168827679 
-0.0312901353647 
-0.0250480395881 
-0.0250472787734 
-0.0187902389213 
-0.0187909504406 
-0.00626380410556 
-1.34671439263e-06 
-1.29528223648e-07 
0.00626597556335 
0.00625863474922 
0.0125358103003 
0.0125150810905 
0.0062629245665 
0.0125247801294 
0.0187832445412 
0.0187917417795 
0.0250443410761 
0.0250510827203 
0.025053788949 
0.0250510936924 
0.0250522210803 
0.0250507192914 
0.0250547965369 
0.00626711608416 
-0.0313065289618 
-0.0688912588687 
-0.0876738691243 
-0.0751618498961 
-0.0626272006774 
-0.0375707611636 
-0.0187900672406 
-0.0125278847556 
-0.0125260978078 
-0.0125275090394 
-0.00626510555452 
-0.0125244180294 
-0.012525216561 
-2.35484806916e-06 
0.0125231506046 
0.00626420366031 
-0.0187852343616 
-0.0501001495671 
-0.0626289392734 
-0.0501087011128 
-0.0250585442695 
-5.62856629604e-06 
0.0250469024771 
0.0376125361718 
0.0500552888279 
0.0563587776537 
0.0563674307057 
0.0563727968131 
0.0563901161763 
0.0187903711771 
0.0062661231914 
0.0125259089013 
0.0187887298295 
0.0313127131754 
0.0438407470205 
0.0563690739926 
0.0626268775864 
0.0751546511625 
0.0626244734143 
0.0187955139252 
-0.00625750183109 
-0.012536240541 
-0.0187697670392 
-1.9246205608e-06 
0.0187895269354 
0.0375646591505 
0.0501027438379 
0.0501041507342 
0.0376098155807 
-0.00625090996012 
-0.0250687453271 
-0.0312853220453 
-0.0250488888202 
-0.0125283970831 
0.00625939771847 
0.0313103128746 
0.0501013999217 
0.0626271638308 
0.0689442267365 
0.0751157447843 
0.0751466157077 
0.0814179542296 
0.0876796509061 
0.0876815396616 
0.0876895709757 
0.0939375911218 
0.0940390393426 
0.0938495545891 
0.0939416445503 
0.0876811806367 
0.0814284901633 
0.0814264987536 
0.068893179935 
0.0626286601755 
0.0626303853724 
0.0501099172935 
0.0501508099974 
0.043802415972 
0.037575587501 
0.0375788725349 
0.0313183614759 
0.0313142058429 
0.0313175270894 
0.0313115954401 
0.0313149044305 
0.0250515899223 
0.00626654507436 
-0.0187848307643 
-0.0187894347046 
-0.0250527346018 
-0.0438900925911 
-0.0563044659197 
-0.0876651646392 
-0.106462059663 
-0.118993742693 
-0.131540247294 
-0.131682797355 
-0.131359621453 
-0.137771154825 
-0.13778545971 
-0.16305484403 
-0.156366783151 
-0.131510768215 
-0.112737234835 
-0.10648161684 
-0.0878335380695 
-0.0750521313942 
-0.075136649454 
-0.0693372999225 
-0.0750810564129 
-0.0938074551091 
-0.131329896705 
-0.118809629649 
-0.106378200444 
-0.118984502564 
-0.150317867481 
-0.15031045284 
-0.137800536722 
-0.131625636381 
-0.100137656281 
-0.106451627227 
-0.112797208738 
-0.118938094187 
-0.093949849854 
-0.0876784150662 
-0.0939440395342 
-0.0876898605886 
-0.0688991595052 
-0.05637271539 
-0.0438850495683 
-0.0250322885825 
-0.0250629287275 
-0.0313114244337 
-0.0314525975455 
-0.0125134851128 
0.00625325177665 
0.0125084674397 
0.00625942560588 
9.97531663123e-07 
0.0250433246648 
0.0313091942318 
0.0250881742991 
0.0312730911277 
0.0438828907234 
0.056300777134 
0.0438841081027 
0.0312845233414 
0.0125268922905 
0.00626493662231 
1.40826755251e-06 
1.3516676269e-07 
0.00626208156015 
-0.0313077460595 
-0.0438388553023 
-0.0501036775239 
-0.0751558952922 
-0.0689018053348 
-0.0438502377267 
-0.0438399860151 
-0.037578875659 
-0.0250543846973 
-0.0313163555566 
-0.0375761571053 
-0.0313451210992 
-0.0312798704979 
-0.0375749407922 
-0.018794213938 
-6.82022771667e-06 
-2.3351163894e-07 
-0.0187851173966 
-0.0187966101697 
-0.00626303344916 
-0.012524989753 
-0.0187879381951 
-0.0125276000404 
0.0187831986425 
0.0313126545882 
0.0250537345821 
0.0250679543096 
0.0125214889393 
-0.0062600260743 
-0.00627205555767 
-0.00625419505704 
-0.0125372560885 
-0.0187640806605 
-0.00626369735787 
0.00626640143428 
-0.0062543099424 
-4.28804076634e-07 
0.0375679906874 
0.0375765696124 
0.0250570572843 
0.0250516141112 
0.018790644407 
0.0187906405165 
0.0250858666715 
0.0250150977542 
0.0187928776017 
5.13960296631e-06 
2.83778894652e-07 
0.0187857705236 
0.0438406772023 
0.0563624211224 
0.0438485110715 
0.0250555657417 
0.0313167900737 
0.0376340425954 
0.0250195018213 
0.0125254708953 
0.00626338842779 
-0.00626078344037 
-0.0313103745855 
-0.043840397379 
-0.0563673016872 
-0.0626277235831 
-0.0626353599073 
-0.0626333465854 
-0.068896653238 
-0.0626667044887 
-0.0751207895669 
-0.0814180007123 
