-0.2525 
-0.2525 
-0.255 
-0.2575 
-0.2325 
-0.1825 
-0.14 
-0.0975 
-0.0775 
-0.0475 
-0.03 
-0.015 
0.0025 
0.0125 
0.0275 
0.04 
0.05 
0.055 
0.0625 
0.07 
0.0725 
0.075 
0.075 
0.075 
0.075 
0.0725 
0.0725 
0.0725 
0.07 
0.0675 
0.07 
0.065 
0.0625 
0.06 
0.0575 
0.055 
0.0525 
0.05 
0.0475 
0.0425 
0.04 
0.0375 
0.0325 
0.03 
0.025 
0.025 
0.0225 
0.02 
0.0175 
0.015 
0.01 
0.0075 
0.0075 
0.005 
0.0025 
0.0 
0.0 
0.005 
0.015 
0.0275 
0.0375 
0.035 
0.0275 
0.0175 
0.005 
-0.005 
-0.0125 
-0.015 
-0.0075 
-0.0125 
-0.015 
-0.015 
-0.0175 
-0.0225 
-0.0275 
-0.0225 
-0.01 
-0.0025 
0.0025 
-0.0025 
-0.0125 
-0.0225 
-0.03 
-0.035 
-0.04 
-0.045 
-0.0475 
-0.05 
-0.05 
-0.0425 
-0.035 
-0.0275 
-0.0275 
-0.0225 
-0.02 
-0.02 
-0.0225 
-0.025 
-0.0275 
-0.03 
-0.03 
-0.0175 
-0.0125 
-0.01 
-0.0075 
-0.005 
0.0025 
0.0025 
0.0 
-0.005 
-0.0075 
-0.0075 
-0.0025 
0.0025 
0.0075 
0.0125 
0.02 
0.02 
0.0175 
0.015 
0.01 
0.005 
-0.0025 
-0.005 
-0.0075 
-0.0075 
-0.005 
-0.005 
-0.005 
-0.0075 
-0.0075 
-0.0075 
-0.005 
-0.0025 
-0.0025 
-0.0025 
-0.0025 
-0.0025 
-0.0025 
0.0 
0.0025 
0.0025 
0.005 
0.0075 
0.01 
0.01 
0.01 
0.01 
0.0075 
0.0075 
0.01 
0.0075 
0.01 
0.015 
0.0225 
0.025 
0.02 
0.0175 
0.0225 
0.03 
0.0375 
0.045 
0.0475 
0.0525 
0.05 
0.05 
0.0475 
0.0525 
0.0575 
0.06 
0.0525 
0.045 
0.0375 
0.035 
0.0275 
0.025 
0.025 
0.025 
0.0275 
0.0325 
0.0375 
0.045 
0.0375 
0.04 
0.04 
0.045 
0.05 
0.0475 
0.04 
0.035 
0.03 
0.035 
0.0375 
0.04 
0.0375 
0.025 
0.0225 
0.025 
0.0225 
0.015 
0.0125 
0.0075 
0.005 
0.005 
0.005 
0.01 
0.005 
-0.0075 
-0.015 
-0.015 
-0.0075 
-0.01 
-0.015 
-0.0175 
-0.0175 
-0.02 
-0.03 
-0.03 
-0.025 
-0.015 
-0.015 
-0.015 
-0.015 
-0.015 
-0.015 
0.0 
0.01 
0.015 
0.025 
0.025 
0.015 
0.0125 
0.0125 
0.01 
0.0075 
0.01 
0.0125 
0.0125 
0.015 
0.015 
0.005 
0.0025 
0.0025 
0.01 
0.015 
0.0125 
0.0125 
0.015 
0.0125 
-0.0025 
0.0 
0.0025 
0.005 
0.015 
0.02 
0.0175 
0.0175 
0.02 
0.0175 
0.0125 
0.015 
0.005 
-0.0025 
0.0025 
0.0025 
0.005 
0.005 
0.005 
0.005 
0.0075 
0.015 
0.02 
0.005 
-0.0075 
-0.0075 
-0.005 
0.0 
-0.0075 
-0.0125 
-0.0075 
-0.0075 
0.0025 
0.01 
0.0125 
0.02 
0.0175 
0.02 
0.025 
0.025 
0.03 
0.0275 
0.0275 
0.0325 
0.0325 
0.0375 
0.0425 
0.045 
0.035 
0.0325 
0.035 
0.0325 
0.0325 
0.035 
0.03 
0.025 
0.03 
0.035 
0.0275 
0.02 
0.0275 
0.03 
0.03 
0.0325 
0.0425 
0.045 
0.0475 
0.05 
0.05 
0.0525 
0.0475 
0.0425 
0.04 
0.03 
0.0275 
0.03 
0.0325 
0.0375 
0.035 
0.0325 
0.0325 
0.03 
0.0275 
0.03 
0.03 
0.04 
0.045 
0.0425 
0.0425 
0.05 
0.0525 
0.0475 
0.0425 
0.04 
0.03 
0.0325 
0.035 
0.035 
0.0425 
0.04 
0.0375 
0.04 
0.0325 
0.0325 
0.03 
0.025 
0.0175 
0.015 
0.0175 
0.0175 
0.0175 
0.0175 
0.015 
0.0175 
0.0175 
0.02 
0.0225 
0.025 
0.0225 
0.0175 
0.015 
0.015 
0.0175 
0.0175 
0.02 
0.0225 
0.02 
0.0275 
0.0275 
0.0275 
0.0325 
0.0375 
0.045 
0.045 
-0.0025 
-0.0025 
0.0025 
0.005 
0.025 
0.035 
0.035 
0.0525 
-0.0025 
-0.01 
0.0025 
0.0025 
0.0225 
0.025 
0.0475 
0.0475 
0.065 
0.06 
0.055 
0.0575 
0.05 
0.0425 
0.04 
0.045 
0.045 
0.0525 
0.05 
0.0425 
0.035 
0.0275 
0.025 
0.02 
0.02 
0.015 
0.02 
0.025 
0.0175 
0.0125 
0.01 
0.01 
0.0125 
0.015 
0.025 
0.0275 
0.02 
0.0175 
0.0175 
0.0225 
0.02 
0.0125 
0.0075 
0.01 
0.0175 
0.02 
0.015 
0.0175 
0.025 
0.0325 
0.04 
0.045 
0.0525 
0.055 
0.06 
0.06 
0.06 
0.06 
0.0575 
0.0575 
0.055 
0.0525 
0.05 
0.05 
0.045 
0.0425 
0.04 
0.04 
0.0375 
0.035 
0.0325 
0.03 
0.0275 
0.0275 
0.0225 
0.02 
0.02 
0.02 
0.0175 
0.015 
0.0125 
0.0125 
0.01 
0.01 
0.0075 
0.0075 
0.005 
0.005 
0.0025 
0.0025 
0.0 
0.0 
0.0 
0.0 
-0.0025 
-0.0025 
-0.0125 
-0.025 
-0.035 
-0.0475 
-0.0525 
-0.05 
-0.0425 
-0.0425 
-0.0375 
-0.0325 
-0.0375 
-0.0375 
-0.0325 
-0.025 
-0.0175 
-0.0075 
0.0 
0.0075 
0.01 
0.01 
0.0125 
0.0125 
0.015 
0.015 
0.0175 
0.0175 
0.0175 
0.02 
0.02 
0.02 
0.02 
0.0175 
0.02 
0.02 
0.02 
0.02 
0.0175 
0.0175 
0.0175 
0.0175 
0.0175 
0.0175 
0.02 
0.02 
0.02 
0.0175 
0.0175 
0.015 
0.015 
0.0125 
0.01 
0.0075 
0.0075 
-0.005 
-0.02 
-0.03 
-0.0325 
-0.0375 
-0.045 
-0.04 
-0.0325 
-0.025 
-0.015 
-0.01 
-0.0025 
0.0 
0.0025 
0.005 
0.005 
0.0075 
0.0075 
0.01 
0.01 
0.0125 
0.0125 
0.0125 
0.0125 
0.01 
0.01 
0.01 
0.01 
0.01 
0.01 
0.01 
0.01 
0.0125 
0.01 
0.0075 
0.005 
0.005 
0.005 
0.0025 
0.0025 
0.0 
0.0 
-0.0025 
-0.0025 
-0.005 
-0.005 
-0.005 
-0.0025 
-0.005 
-0.005 
-0.005 
-0.005 
-0.0075 
-0.0075 
-0.0075 
-0.01 
-0.01 
-0.01 
-0.0075 
-0.0075 
-0.005 
-0.005 
-0.005 
-0.005 
-0.005 
-0.0075 
-0.005 
-0.005 
-0.005 
-0.005 
-0.005 
-0.0075 
-0.005 
-0.005 
-0.005 
-0.0025 
0.005 
0.0175 
0.0275 
0.0475 
0.0575 
0.055 
0.0475 
0.0375 
0.0275 
0.0175 
0.01 
0.0075 
0.005 
0.005 
0.0025 
-0.0025 
-0.0075 
-0.01 
-0.015 
-0.0175 
-0.0175 
-0.0175 
-0.0175 
-0.0175 
-0.0175 
-0.015 
-0.015 
-0.0025 
0.0125 
0.015 
0.015 
0.01 
0.0075 
0.0025 
0.0 
-0.005 
-0.0075 
-0.005 
0.0025 
0.015 
0.03 
0.04 
0.045 
0.045 
0.0475 
0.06 
0.065 
0.065 
0.0625 
0.0525 
0.045 
0.04 
0.0375 
0.0475 
0.0575 
0.0625 
0.0825 
0.1275 
0.1575 
0.18 
0.1925 
0.195 
0.2 
0.1925 
0.1825 
0.18 
0.1775 
0.1725 
0.165 
0.1525 
0.13 
0.105 
0.0925 
0.0825 
0.075 
0.07 
0.0625 
0.0625 
0.065 
0.0525 
0.0425 
0.0325 
0.0275 
0.0225 
0.015 
-0.0025 
-0.0275 
-0.0525 
-0.045 
-0.0375 
-0.04 
-0.0325 
-0.01 
0.025 
0.0525 
0.0725 
0.0775 
0.08 
0.0975 
0.1025 
0.11 
0.11 
0.09 
0.0675 
0.065 
0.07 
0.0775 
0.085 
0.0875 
0.095 
0.0975 
0.0975 
0.095 
0.0925 
0.0775 
0.06 
0.04 
0.035 
0.025 
0.0175 
0.0125 
0.0075 
0.005 
0.01 
0.0125 
0.02 
0.0225 
0.0175 
0.0 
-0.01 
-0.025 
-0.03 
-0.0225 
-0.0175 
-0.015 
-0.0075 
-0.005 
-0.0025 
0.0 
0.0075 
0.025 
0.0325 
0.0325 
0.0525 
0.0675 
0.06 
0.0575 
0.085 
0.0875 
0.0925 
0.0975 
0.095 
0.105 
0.1225 
0.1225 
0.135 
0.135 
0.145 
0.1525 
0.165 
0.1675 
0.1675 
0.17 
0.17 
0.17 
0.17 
0.1775 
0.1725 
0.1725 
0.1775 
0.16 
0.155 
0.1525 
0.1525 
0.1525 
0.145 
0.1375 
0.125 
0.1175 
0.12 
0.115 
0.11 
0.1 
0.1 
0.09 
0.0925 
0.0925 
0.0875 
0.075 
0.07 
0.0575 
0.055 
0.055 
0.05 
0.0625 
0.075 
0.065 
0.0475 
0.04 
0.025 
0.0175 
0.025 
0.035 
0.0425 
0.0525 
0.0625 
0.0675 
0.07 
0.0675 
0.0675 
0.0625 
0.0575 
0.055 
0.0525 
0.05 
0.05 
0.045 
0.04 
0.035 
0.03 
0.035 
0.025 
0.0225 
0.02 
0.015 
0.015 
0.0125 
0.02 
0.0075 
0.005 
0.0025 
0.005 
-0.0025 
-0.0075 
-0.0025 
0.0 
-0.0125 
-0.01 
-0.0125 
-0.01 
-0.01 
-0.025 
-0.035 
-0.0425 
-0.0475 
-0.0625 
-0.0475 
-0.05 
-0.06 
-0.065 
0.0475 
0.0525 
0.06 
0.065 
0.0425 
0.025 
0.0075 
-0.01 
-0.025 
0.0125 
0.01 
0.025 
0.035 
0.0225 
0.0325 
0.0225 
0.025 
0.0225 
0.0175 
0.075 
0.07 
0.03 
0.045 
0.0375 
0.0225 
0.02 
0.0275 
0.0325 
0.0425 
0.0375 
0.0525 
0.0475 
0.015 
0.05 
0.05 
0.0525 
0.055 
0.0475 
0.0425 
0.0275 
0.025 
0.0275 
0.0175 
0.02 
0.02 
0.0175 
0.0175 
0.02 
0.0225 
0.025 
0.0275 
0.0225 
0.025 
0.025 
0.0225 
0.025 
0.0225 
0.0225 
0.02 
0.0225 
0.0175 
0.0175 
0.01 
0.0075 
0.01 
0.01 
0.0175 
0.015 
0.0125 
0.0125 
0.01 
0.0075 
0.0075 
0.0025 
-0.0075 
-0.0125 
-0.01 
-0.005 
-0.005 
-0.0025 
-0.005 
-0.0025 
0.0 
0.005 
0.0075 
0.01 
0.0125 
0.0075 
0.005 
0.0 
-0.0025 
-0.0025 
-0.0075 
-0.02 
-0.03 
-0.0375 
-0.035 
-0.04 
-0.0525 
-0.0425 
-0.04 
-0.035 
-0.0275 
-0.035 
-0.0425 
-0.045 
-0.055 
-0.065 
-0.0625 
-0.0575 
-0.06 
-0.06 
-0.0625 
-0.0675 
-0.075 
-0.08 
-0.085 
-0.0925 
-0.09 
-0.0925 
-0.095 
-0.0975 
-0.1025 
-0.1125 
-0.1225 
-0.1275 
-0.14 
-0.1425 
-0.145 
-0.1425 
-0.1475 
-0.145 
-0.135 
-0.135 
-0.135 
-0.1325 
-0.13 
-0.125 
-0.1175 
-0.11 
-0.1075 
-0.11 
-0.105 
-0.09 
-0.0825 
-0.0725 
-0.0675 
-0.065 
-0.075 
-0.075 
-0.075 
-0.07 
-0.0625 
-0.0675 
-0.0675 
-0.07 
-0.07 
-0.0625 
-0.06 
-0.0525 
-0.0575 
-0.05 
-0.04 
-0.045 
-0.0475 
-0.0375 
-0.0375 
-0.04 
-0.025 
-0.02 
-0.0225 
-0.0125 
-0.005 
0.005 
0.0075 
0.01 
0.015 
0.0175 
0.025 
0.0275 
0.0175 
0.0125 
0.0025 
-0.0025 
-0.01 
-0.005 
-0.005 
-0.0125 
-0.025 
-0.025 
-0.0225 
-0.025 
-0.0325 
-0.0275 
-0.0275 
-0.0425 
-0.04 
-0.045 
-0.0675 
-0.075 
-0.065 
-0.065 
-0.07 
-0.0575 
-0.0625 
-0.055 
-0.05 
-0.04 
-0.0525 
-0.0575 
-0.0575 
-0.05 
-0.0375 
-0.0375 
-0.035 
-0.03 
-0.03 
-0.0325 
-0.0225 
-0.0125 
-0.01 
-0.015 
-0.025 
-0.0325 
-0.0325 
-0.0275 
-0.0275 
-0.0225 
-0.0125 
0.0025 
0.0075 
0.0325 
0.075 
-0.035 
-0.0375 
-0.0575 
-0.07 
-0.0525 
-0.0325 
-0.0075 
0.0075 
0.0325 
0.0425 
0.0525 
0.0125 
0.01 
0.0125 
0.005 
-0.005 
0.0 
0.0025 
0.0025 
-0.0125 
-0.02 
-0.0175 
-0.0225 
-0.0175 
-0.0225 
-0.02 
-0.0425 
-0.0175 
-0.0175 
-0.0175 
-0.015 
-0.02 
-0.0225 
-0.0275 
-0.03 
-0.0325 
-0.0325 
-0.0325 
-0.03 
-0.0275 
-0.0275 
-0.0275 
-0.03 
-0.0275 
-0.0275 
-0.0275 
-0.0275 
-0.0275 
-0.0275 
-0.0275 
-0.025 
-0.0225 
-0.0225 
-0.025 
-0.025 
-0.0225 
-0.0225 
-0.02 
-0.02 
-0.02 
-0.0175 
-0.015 
-0.015 
-0.015 
-0.015 
-0.015 
-0.015 
-0.02 
-0.0325 
-0.0375 
-0.045 
-0.055 
-0.0525 
-0.0475 
-0.04 
-0.035 
-0.0275 
-0.025 
-0.02 
-0.015 
-0.015 
-0.025 
-0.0225 
-0.02 
-0.0225 
-0.03 
-0.03 
-0.0275 
-0.03 
-0.0375 
-0.045 
-0.0475 
-0.0475 
-0.0425 
-0.0425 
-0.045 
-0.0475 
-0.055 
-0.0575 
-0.0525 
-0.0475 
-0.045 
-0.0425 
-0.0375 
-0.035 
-0.0425 
-0.0475 
-0.05 
-0.0425 
-0.0375 
-0.04 
-0.04 
-0.045 
-0.0475 
-0.0475 
-0.0475 
-0.05 
-0.0525 
-0.0575 
-0.0575 
-0.06 
-0.0575 
-0.055 
-0.05 
-0.05 
-0.0475 
-0.0475 
-0.045 
-0.0425 
-0.045 
-0.045 
-0.04 
-0.0375 
-0.0375 
-0.035 
-0.0375 
-0.0425 
-0.045 
-0.0425 
-0.0325 
-0.0175 
-0.0125 
-0.01 
-0.01 
-0.0125 
-0.0175 
-0.02 
-0.02 
-0.0225 
-0.02 
-0.02 
-0.015 
-0.015 
-0.0125 
-0.015 
-0.02 
-0.02 
-0.0175 
-0.015 
-0.02 
-0.02 
-0.02 
-0.0175 
-0.0175 
-0.0175 
-0.0225 
-0.02 
-0.0175 
-0.015 
-0.01 
-0.0075 
-0.01 
-0.015 
-0.015 
-0.0125 
-0.01 
-0.005 
0.0 
-0.0025 
-0.005 
-0.0075 
-0.01 
-0.01 
-0.01 
-0.01 
-0.01 
-0.01 
-0.0125 
-0.0125 
-0.0125 
-0.0125 
-0.0125 
-0.0125 
-0.02 
-0.0275 
-0.0275 
-0.025 
-0.0225 
-0.0275 
-0.0325 
-0.0325 
-0.0275 
-0.015 
-0.01 
-0.005 
-0.0075 
-0.0175 
-0.02 
-0.02 
-0.015 
-0.01 
-0.0125 
-0.015 
-0.0175 
-0.0175 
-0.0225 
-0.02 
-0.015 
-0.0125 
-0.01 
-0.0125 
-0.01 
-0.0075 
0.0 
0.005 
0.0 
-0.01 
-0.015 
-0.0175 
-0.0225 
-0.0325 
-0.045 
-0.0575 
-0.06 
-0.065 
-0.06 
-0.0525 
-0.0425 
-0.04 
-0.0425 
-0.0475 
-0.055 
-0.0625 
-0.07 
-0.07 
-0.0725 
-0.0725 
-0.0725 
-0.0725 
-0.0675 
-0.065 
-0.0625 
-0.0625 
-0.0625 
-0.06 
-0.0575 
-0.0525 
-0.0525 
-0.05 
-0.0475 
-0.045 
-0.045 
-0.045 
-0.0425 
-0.0425 
-0.0425 
-0.04 
-0.0375 
-0.035 
-0.0325 
-0.03 
-0.03 
-0.04 
-0.0475 
-0.055 
-0.065 
-0.07 
-0.065 
-0.06 
-0.0475 
-0.0375 
-0.03 
-0.025 
-0.0225 
-0.02 
-0.015 
-0.0125 
-0.0075 
-0.005 
-0.0025 
0.0 
0.0 
-0.0025 
0.0 
0.0025 
0.005 
0.0075 
0.0075 
0.01 
0.0075 
0.0075 
0.005 
-0.005 
-0.005 
-0.0075 
-0.0125 
-0.0125 
-0.0075 
-0.005 
-0.0025 
0.0025 
0.0075 
0.01 
0.01 
0.01 
0.0125 
0.0125 
0.0125 
0.0125 
0.0025 
-0.0075 
-0.0225 
-0.03 
-0.0275 
-0.0225 
-0.0175 
-0.015 
-0.0175 
-0.02 
-0.03 
-0.035 
-0.0375 
-0.0375 
-0.035 
-0.0325 
-0.0225 
-0.015 
-0.005 
0.0025 
0.01 
0.015 
0.02 
0.025 
0.0175 
0.0 
-0.01 
-0.0225 
-0.02 
-0.015 
-0.01 
-0.0075 
-0.0075 
-0.0075 
-0.0125 
-0.0125 
-0.0075 
-0.0025 
0.0 
-0.005 
-0.0225 
-0.035 
-0.04 
-0.0375 
-0.035 
-0.0225 
-0.0125 
-0.005 
0.0025 
0.0025 
0.005 
0.0 
-0.01 
-0.02 
-0.0325 
-0.035 
-0.0325 
-0.0325 
-0.0325 
-0.035 
-0.0375 
-0.0425 
-0.0575 
-0.0625 
-0.0725 
-0.0775 
-0.0775 
-0.08 
-0.0825 
-0.085 
-0.0875 
-0.09 
-0.0875 
-0.09 
-0.09 
-0.075 
-0.0725 
-0.075 
-0.0725 
-0.07 
-0.0725 
-0.0625 
-0.0575 
-0.0575 
-0.0575 
-0.06 
-0.0525 
-0.04 
-0.03 
-0.0175 
-0.0125 
-0.0125 
-0.0175 
-0.0175 
-0.0175 
-0.0175 
-0.015 
-0.0075 
0.0025 
0.0125 
0.025 
0.0475 
0.0625 
0.0775 
0.0825 
0.085 
0.085 
0.0925 
0.1 
0.1025 
0.1 
0.0925 
0.0825 
0.085 
0.1025 
0.1125 
0.11 
0.1075 
0.1075 
0.11 
0.1075 
0.11 
0.12 
0.1275 
0.13 
0.1425 
0.1475 
0.14 
0.145 
0.1475 
0.1525 
0.1575 
0.1625 
0.1625 
0.1625 
0.155 
0.14 
0.135 
0.1275 
0.125 
0.12 
0.1225 
0.125 
0.13 
0.14 
0.145 
0.1525 
0.1575 
0.15 
0.1525 
0.15 
0.15 
0.155 
0.1725 
0.18 
0.1775 
0.1925 
0.2125 
0.225 
0.24 
0.255 
0.2625 
0.2625 
0.26 
0.2525 
0.245 
0.2375 
0.2225 
0.215 
0.2075 
0.1975 
0.195 
0.1825 
0.1825 
0.175 
0.1725 
0.165 
0.16 
0.1475 
0.1425 
0.1375 
0.135 
0.1275 
0.125 
0.12 
0.1175 
0.1075 
0.1 
0.095 
0.0875 
0.085 
0.0775 
0.0725 
0.065 
0.0575 
0.0525 
0.0425 
0.0325 
0.0275 
0.02 
0.015 
0.0075 
-0.0025 
-0.0075 
-0.015 
-0.0175 
-0.025 
-0.03 
-0.0325 
-0.03 
-0.015 
0.0025 
0.0075 
0.0025 
-0.0075 
-0.02 
-0.0275 
-0.0375 
-0.0425 
-0.05 
-0.055 
-0.0575 
-0.06 
-0.0625 
-0.065 
-0.0675 
-0.0675 
-0.07 
-0.0725 
-0.0725 
-0.07 
-0.07 
-0.07 
-0.0725 
-0.0725 
-0.0675 
-0.065 
-0.0625 
-0.06 
-0.0575 
-0.0575 
-0.055 
-0.0525 
-0.0475 
-0.0325 
-0.01 
0.0025 
0.005 
0.005 
0.0075 
0.0075 
0.0075 
0.0075 
0.0025 
0.0 
0.005 
0.0125 
0.02 
0.02 
0.02 
0.03 
0.035 
0.0425 
0.0475 
0.0525 
0.055 
0.055 
0.0575 
0.055 
0.055 
0.05 
0.045 
0.0475 
0.05 
0.05 
0.0475 
0.0475 
0.05 
0.05 
0.0525 
0.06 
0.0625 
0.0625 
0.06 
0.0625 
0.06 
0.0575 
0.055 
0.0475 
0.0375 
0.04 
0.04 
0.0475 
0.0525 
0.0575 
0.06 
0.05 
0.04 
0.0375 
0.04 
0.0425 
0.045 
0.03 
0.01 
-0.0125 
0.0125 
0.0025 
0.0025 
0.0025 
0.0025 
-0.0125 
-0.0125 
-0.03 
-0.035 
-0.035 
-0.0575 
0.085 
0.095 
0.13 
0.125 
0.1 
0.0275 
-0.0275 
-0.165 
-0.02 
-0.0075 
0.015 
0.0425 
0.4425 
0.2775 
0.2475 
0.04 
-0.1125 
-0.11 
-0.16 
-0.1475 
-0.045 
0.015 
0.035 
0.05 
0.03 
0.035 
0.01 
-0.0125 
-0.02 
-0.03 
-0.035 
-0.035 
-0.0275 
-0.025 
-0.025 
-0.0225 
-0.0175 
-0.0125 
-0.005 
-0.005 
-0.005 
-0.0025 
0.0025 
0.005 
0.0 
0.0 
0.005 
0.0125 
0.0325 
0.04 
0.045 
0.0425 
0.0325 
0.0275 
0.03 
0.035 
0.0375 
0.045 
0.0475 
0.0375 
0.04 
0.0425 
0.0475 
0.05 
0.0525 
0.05 
0.0425 
0.0475 
0.0525 
0.0475 
0.05 
0.06 
0.0575 
0.0475 
0.0475 
0.05 
0.045 
0.0375 
0.035 
0.0375 
0.0325 
0.03 
0.035 
0.0325 
0.025 
0.02 
0.02 
0.0125 
0.01 
0.0175 
0.0275 
0.0275 
0.0125 
0.0075 
0.0125 
0.02 
0.03 
0.04 
0.0475 
0.0425 
0.0325 
0.02 
0.0175 
0.0225 
0.0275 
0.0225 
0.015 
0.015 
0.0175 
0.0225 
0.0275 
0.02 
0.0125 
0.005 
0.0 
0.005 
0.01 
0.0175 
0.0225 
0.0275 
0.0325 
0.035 
0.035 
0.0375 
0.0375 
0.0375 
0.04 
0.04 
0.04 
0.04 
0.04 
0.04 
0.0375 
0.035 
0.0325 
0.0325 
0.0325 
0.03 
0.03 
0.0275 
0.0275 
0.0275 
0.0275 
0.025 
0.0225 
0.0225 
0.02 
0.02 
0.0175 
0.015 
0.0125 
0.0075 
0.01 
0.01 
0.01 
0.005 
0.0075 
0.0075 
0.0125 
0.02 
0.025 
0.0375 
0.04 
0.0375 
0.04 
0.0425 
0.0425 
0.0375 
0.045 
0.045 
0.04 
0.045 
0.0475 
0.055 
0.06 
0.055 
0.0525 
0.05 
0.0425 
0.03 
0.03 
0.015 
0.0075 
-0.005 
-0.0075 
-0.0075 
-0.0075 
-0.0075 
-0.0025 
-0.0025 
-0.0075 
-0.01 
-0.0025 
0.0125 
0.02 
0.0175 
0.015 
0.0125 
0.0125 
0.01 
0.0225 
0.035 
0.035 
0.0325 
0.03 
0.0225 
0.0175 
0.005 
0.0025 
0.0075 
0.0025 
0.0 
0.01 
0.015 
0.01 
0.0 
-0.0125 
-0.02 
-0.02 
-0.0225 
-0.0175 
-0.005 
0.0025 
-0.0025 
-0.01 
-0.01 
-0.0125 
-0.015 
-0.0175 
-0.015 
-0.0125 
-0.0075 
-0.01 
-0.0025 
0.005 
0.005 
-0.0025 
-0.01 
-0.0125 
-0.0125 
-0.015 
-0.015 
-0.0025 
0.0075 
0.0125 
0.0125 
0.015 
0.015 
0.0125 
0.0025 
0.0 
0.0075 
0.0075 
0.005 
0.0025 
0.01 
0.0175 
0.0225 
0.02 
0.0175 
0.025 
0.0175 
0.0075 
-0.005 
-0.01 
0.0025 
0.0075 
0.0125 
0.01 
0.015 
0.0175 
0.015 
0.0125 
0.015 
0.0125 
0.0025 
-0.0075 
0.0 
0.0075 
0.005 
0.0025 
0.005 
0.015 
0.01 
0.015 
0.0175 
0.025 
0.03 
0.02 
0.0075 
0.0025 
0.0025 
0.0025 
0.0075 
0.01 
0.01 
0.01 
0.015 
0.0125 
-0.005 
-0.0125 
-0.0175 
-0.0175 
-0.0125 
-0.01 
-0.005 
-0.005 
-0.005 
-0.015 
-0.015 
-0.005 
0.005 
0.0175 
0.0175 
0.0175 
0.0175 
0.0175 
0.02 
0.025 
0.0225 
0.0125 
0.0225 
0.0225 
0.0175 
0.0125 
0.0225 
0.015 
0.015 
0.0175 
0.01 
0.0075 
0.0125 
0.025 
0.025 
0.025 
0.0375 
0.0425 
0.035 
0.0275 
0.025 
0.0275 
0.0325 
0.035 
0.03 
0.0275 
0.0225 
0.02 
0.0225 
0.0225 
0.0175 
0.0125 
0.0125 
0.0175 
0.0225 
0.025 
0.0225 
0.0175 
0.02 
0.0275 
0.025 
0.025 
0.0225 
0.015 
0.01 
0.0075 
0.0125 
0.0175 
0.0125 
0.01 
0.0125 
0.015 
0.015 
0.0125 
0.0175 
0.0225 
0.03 
0.0325 
0.035 
0.0375 
0.0375 
0.0375 
0.04 
0.0425 
0.0375 
0.025 
0.0175 
0.0125 
0.0075 
0.005 
0.01 
0.0225 
0.0325 
0.0275 
0.02 
0.02 
0.0275 
0.045 
0.05 
0.0475 
0.04 
0.0325 
0.0275 
0.0225 
0.02 
0.02 
0.02 
0.02 
0.02 
0.01 
0.0025 
0.005 
0.0075 
0.005 
0.005 
0.005 
0.0025 
0.005 
0.01 
0.0175 
0.0325 
0.035 
0.04 
0.05 
0.055 
0.065 
0.0775 
0.085 
0.085 
0.085 
0.08 
0.0675 
0.0525 
0.05 
0.055 
0.05 
0.05 
0.04 
0.0275 
0.0225 
0.0175 
0.01 
0.0025 
-0.0075 
-0.015 
-0.0225 
-0.025 
-0.0125 
0.015 
0.0225 
0.0225 
0.015 
0.0125 
0.0075 
0.0025 
0.0025 
0.0 
-0.005 
-0.0075 
-0.01 
-0.0025 
0.0025 
0.0025 
0.0025 
0.0025 
0.0075 
0.01 
0.0175 
0.02 
0.02 
0.0125 
0.005 
0.005 
0.0075 
0.0025 
0.0 
-0.0025 
0.0025 
0.01 
0.0125 
0.02 
0.015 
0.0125 
0.015 
0.0075 
0.0075 
0.01 
0.0075 
0.0125 
0.0075 
0.0 
0.0025 
0.0 
0.0 
0.0025 
-0.0025 
-0.0025 
-0.0025 
-0.0075 
-0.005 
-0.0075 
-0.015 
-0.0175 
-0.0225 
-0.0275 
-0.0375 
-0.0475 
-0.0525 
-0.0525 
-0.0525 
-0.045 
-0.025 
-0.01 
-0.005 
0.0 
0.005 
0.005 
0.005 
0.0025 
0.005 
0.0025 
0.0125 
0.0325 
0.0375 
0.035 
0.03 
0.0125 
-0.005 
-0.005 
0.0025 
-0.0025 
-0.0125 
-0.0175 
-0.01 
-0.0025 
0.0025 
0.0075 
0.005 
0.005 
0.005 
0.0075 
0.015 
0.0175 
0.01 
0.01 
0.0025 
0.0025 
0.0025 
0.005 
0.0075 
0.0025 
0.005 
0.0 
0.0075 
0.0175 
0.015 
0.01 
0.015 
0.0125 
0.01 
0.0125 
0.0125 
0.01 
0.025 
0.0375 
0.0425 
0.03 
0.03 
0.04 
0.04 
0.04 
0.0425 
0.045 
0.035 
0.025 
0.03 
0.04 
0.0425 
0.04 
0.0325 
0.0275 
0.0325 
0.035 
0.03 
0.03 
0.03 
0.04 
0.0475 
0.045 
0.0325 
0.0225 
0.025 
0.025 
0.025 
0.0175 
0.0125 
0.02 
0.025 
0.0225 
0.02 
0.025 
0.0325 
0.04 
0.04 
0.035 
0.0275 
0.0175 
0.0075 
0.0025 
0.0025 
0.0125 
0.0125 
0.015 
0.005 
0.0 
0.0 
-0.005 
-0.005 
0.0025 
0.0075 
0.0175 
0.025 
0.03 
0.0325 
0.035 
0.035 
0.04 
0.0375 
0.035 
0.035 
0.035 
0.0325 
0.0325 
0.03 
0.0275 
0.0275 
0.025 
0.0225 
0.0225 
0.02 
0.0175 
0.015 
0.0125 
0.0125 
0.01 
0.01 
0.0075 
0.0075 
0.0025 
0.0 
0.0 
-0.0025 
-0.0025 
-0.005 
-0.005 
-0.0025 
-0.005 
-0.0075 
-0.0075 
-0.01 
-0.01 
-0.01 
-0.01 
-0.01 
-0.01 
-0.01 
-0.0025 
0.0125 
0.0275 
0.035 
0.03 
0.025 
0.015 
0.0075 
0.005 
0.005 
0.005 
0.0025 
0.005 
0.005 
0.0 
-0.005 
-0.0025 
0.0075 
0.02 
0.025 
0.02 
0.01 
0.0 
-0.01 
-0.015 
-0.02 
-0.0225 
-0.0225 
-0.0225 
-0.0225 
-0.0075 
-0.0025 
-0.005 
-0.0075 
-0.0125 
-0.0175 
-0.0225 
-0.025 
-0.03 
-0.025 
-0.0075 
0.0025 
0.005 
0.0075 
0.0 
-0.0075 
-0.015 
-0.02 
-0.02 
-0.015 
0.0025 
0.01 
0.0125 
0.01 
0.005 
-0.0025 
-0.0125 
-0.02 
-0.025 
-0.0275 
-0.03 
-0.03 
-0.0325 
-0.035 
-0.035 
-0.035 
-0.0375 
-0.0375 
-0.0375 
-0.0375 
-0.035 
-0.0325 
-0.0325 
-0.0275 
-0.025 
-0.025 
-0.02 
-0.02 
-0.0175 
-0.015 
-0.015 
-0.0125 
-0.0125 
-0.0125 
-0.0125 
-0.0125 
-0.01 
-0.0025 
0.0075 
0.0075 
0.01 
0.0175 
0.0225 
0.035 
0.0425 
0.0475 
0.0525 
0.0525 
0.0525 
0.055 
0.055 
0.065 
0.0625 
0.0525 
0.045 
0.0425 
0.035 
0.03 
0.03 
0.0275 
0.03 
0.0375 
0.0525 
0.0475 
0.0425 
0.0475 
0.06 
0.06 
0.055 
0.0525 
0.04 
0.0425 
0.045 
0.0475 
0.0375 
0.035 
0.0375 
0.035 
0.0275 
0.0225 
0.0175 
0.01 
0.01 
0.0125 
0.0125 
0.005 
-0.0025 
-0.005 
-0.0025 
0.0 
-0.01 
-0.0125 
-0.01 
-0.0125 
-0.0175 
-0.0225 
-0.0175 
-0.0125 
-0.005 
-0.0025 
0.0 
0.0 
-0.0025 
0.0125 
0.0175 
0.02 
0.03 
0.0275 
0.0175 
0.0175 
0.015 
0.01 
0.0125 
0.015 
0.0125 
0.0125 
0.015 
0.0075 
0.0 
0.0 
0.0075 
0.0075 
0.0025 
0.005 
0.0075 
0.005 
-0.0075 
-0.0125 
-0.01 
-0.01 
-0.005 
0.0025 
0.0025 
0.0025 
0.005 
0.0075 
0.0025 
-0.0025 
0.0025 
0.0 
-0.015 
-0.015 
-0.01 
-0.01 
-0.0075 
-0.0075 
-0.01 
-0.01 
-0.0075 
0.0 
0.0 
-0.0075 
-0.0175 
-0.0225 
-0.0175 
-0.01 
-0.0125 
-0.015 
-0.01 
-0.005 
-0.0025 
0.0025 
0.0125 
0.0175 
0.0225 
0.025 
0.025 
0.025 
0.0275 
0.025 
0.03 
0.0325 
